desc: I1 cache:         32768 B, 64 B, 8-way associative
desc: D1 cache:         32768 B, 64 B, 8-way associative
desc: LL cache:         8388608 B, 64 B, 16-way associative
cmd: ./mandelbrot
events: Ir I1mr ILmr Dr D1mr DLmr Dw D1mw DLmw 
fl=/build/glibc-Cl5G7W/glibc-2.23/csu/../csu/init-first.c
fn=_init
52 8 1 1 0 0 0 4 0 0
58 4 1 1 1 1 0 1 1 1
65 5 1 1 4 2 0 0 0 0
70 1 0 0 0 0 0 1 1 1
71 1 0 0 0 0 0 1 1 1
72 2 0 0 1 1 0 1 1 1
86 4 0 0 0 0 0 1 0 0
94 1 0 0 0 0 0 1 0 0
99 6 0 0 5 0 0 0 0 0
fl=/build/glibc-Cl5G7W/glibc-2.23/csu/../csu/libc-start.c
fn=(below main)
134 10 1 1 0 0 0 8 0 0
138 7 1 1 1 1 0 1 0 0
220 2 1 1 0 0 0 0 0 0
221 4 0 0 0 0 0 1 0 0
243 4 0 0 2 0 0 0 0 0
246 2 0 0 0 0 0 0 0 0
247 5 0 0 4 0 0 1 0 0
251 4 1 1 2 1 0 0 0 0
266 2 0 0 0 0 0 0 0 0
278 2 0 0 0 0 0 1 0 0
279 2 0 0 0 0 0 0 0 0
284 2 0 0 1 1 0 1 0 0
285 2 0 0 1 0 0 1 0 0
288 2 0 0 0 0 0 1 0 0
291 6 0 0 5 2 0 1 0 0
fl=/build/glibc-Cl5G7W/glibc-2.23/csu/../sysdeps/generic/dl-hash.h
fn=_init
45 12 0 0 4 1 0 0 0 0
48 12 0 0 0 0 0 0 0 0
62 16 0 0 0 0 0 0 0 0
fl=/build/glibc-Cl5G7W/glibc-2.23/csu/../sysdeps/unix/sysv/linux/x86_64/init-first.c
fn=_init
36 11 2 2 0 0 0 4 0 0
38 4 0 0 0 0 0 1 0 0
39 2 0 0 0 0 0 0 0 0
40 2 1 1 0 0 0 0 0 0
41 2 1 1 1 0 0 0 0 0
42 1 0 0 0 0 0 1 0 0
44 3 0 0 0 0 0 1 0 0
45 2 0 0 1 0 0 0 0 0
46 1 0 0 0 0 0 1 0 0
fl=/build/glibc-Cl5G7W/glibc-2.23/ctype/ctype-info.c
fn=__ctype_init
31 7 2 2 5 2 0 1 0 0
33 4 0 0 2 1 0 1 0 0
35 5 0 0 3 1 0 1 0 0
fl=/build/glibc-Cl5G7W/glibc-2.23/elf/../elf/dl-runtime.c
fn=_dl_fixup
66 234 1 1 0 0 0 78 0 0
68 78 0 0 78 0 0 0 0 0
69 156 1 1 156 2 0 0 0 0
71 312 0 0 78 6 0 0 0 0
72 78 0 0 78 5 0 0 0 0
73 546 0 0 156 76 0 78 0 0
74 234 0 0 156 5 0 0 0 0
79 156 1 1 0 0 0 0 0 0
83 156 0 0 78 78 42 0 0 0
87 234 0 0 78 6 0 0 0 0
91 78 0 0 78 6 0 0 0 0
92 390 0 0 156 65 0 0 0 0
94 312 1 1 78 14 0 0 0 0
100 78 0 0 0 0 0 0 0 0
101 234 0 0 78 0 0 0 0 0
111 780 1 1 156 6 0 234 0 0
115 390 0 0 234 0 0 0 0 0
125 468 0 0 156 1 0 0 0 0
133 78 0 0 78 0 0 0 0 0
141 312 0 0 78 0 0 0 0 0
145 234 1 1 78 1 0 0 0 0
149 234 0 0 156 0 0 0 0 0
fl=/build/glibc-Cl5G7W/glibc-2.23/elf/../elf/dl-sysdep.c
fn=_dl_sysdep_start
86 8 1 1 0 0 0 6 1 1
110 1 0 0 0 0 0 1 0 0
111 245 1 1 80 10 10 4 3 3
114 2 0 0 0 0 0 1 0 0
115 1 0 0 0 0 0 1 0 0
117 136 6 6 35 6 6 17 1 1
118 110 0 0 18 2 2 0 0 0
121 1 0 0 1 0 0 0 0 0
122 1 0 0 0 0 0 0 0 0
124 1 1 1 1 0 0 0 0 0
125 1 0 0 0 0 0 0 0 0
127 1 1 1 1 0 0 0 0 0
128 2 0 0 0 0 0 0 0 0
130 1 0 0 1 0 0 0 0 0
131 2 0 0 0 0 0 0 0 0
151 1 1 1 1 0 0 0 0 0
152 2 0 0 0 0 0 0 0 0
154 1 0 0 1 0 0 0 0 0
155 2 0 0 0 0 0 0 0 0
157 2 1 1 1 0 0 1 0 0
158 2 0 0 0 0 0 0 0 0
163 2 0 0 1 0 0 1 0 0
164 2 0 0 0 0 0 1 0 0
179 2 0 0 1 0 0 1 0 0
180 2 0 0 0 0 0 1 0 0
231 2 0 0 0 0 0 0 0 0
232 2 0 0 0 0 0 2 0 0
234 5 1 1 0 0 0 1 0 0
246 3 0 0 1 0 0 0 0 0
249 5 0 0 1 0 0 1 0 0
250 1 1 0 1 1 0 0 0 0
251 8 1 0 7 1 0 0 0 0
fn=_dl_sysdep_start_cleanup
256 1 1 0 1 0 0 0 0 0
fl=/build/glibc-Cl5G7W/glibc-2.23/elf/../misc/sbrk.c
fn=sbrk
34 4 1 1 0 0 0 2 0 0
42 6 0 0 2 1 1 0 0 0
46 2 0 0 0 0 0 0 0 0
62 5 1 1 3 0 0 0 0 0
fl=/build/glibc-Cl5G7W/glibc-2.23/elf/../string/bits/string2.h
fn=handle_ld_preload
961 213 1 1 53 0 0 0 0 0
962 163 0 0 0 0 0 0 0 0
963 105 0 0 0 0 0 0 0 0
fl=/build/glibc-Cl5G7W/glibc-2.23/elf/../sysdeps/posix/dl-fileid.h
fn=_dl_map_object_from_fd
37 36 1 1 0 0 0 6 0 0
40 6 0 0 6 0 0 0 0 0
41 12 0 0 6 1 1 6 0 0
49 84 1 1 42 1 1 0 0 0
fl=/build/glibc-Cl5G7W/glibc-2.23/elf/../sysdeps/unix/sysv/linux/dl-osinfo.h
fn=dl_main
77 1 0 0 1 0 0 0 0 0
fl=/build/glibc-Cl5G7W/glibc-2.23/elf/../sysdeps/unix/sysv/linux/dl-sysdep.c
fn=_dl_discover_osversion
45 7 2 2 0 0 0 6 0 0
47 3 0 0 1 0 0 0 0 0
87 5 1 1 0 0 0 1 1 1
102 1 0 0 0 0 0 0 0 0
106 1 0 0 0 0 0 0 0 0
107 1 0 0 0 0 0 0 0 0
109 12 0 0 3 1 1 0 0 0
111 6 1 1 0 0 0 0 0 0
113 17 0 0 4 0 0 0 0 0
115 1 0 0 0 0 0 0 0 0
116 2 0 0 0 0 0 0 0 0
119 3 0 0 0 0 0 0 0 0
120 3 0 0 0 0 0 0 0 0
121 3 0 0 0 0 0 0 0 0
123 13 0 0 0 0 0 0 0 0
128 2 1 1 0 0 0 0 0 0
132 8 1 1 7 0 0 0 0 0
fn=_dl_sysdep_start
35 2 0 0 0 0 0 1 0 0
fl=/build/glibc-Cl5G7W/glibc-2.23/elf/../sysdeps/unix/sysv/linux/dl-vdso.c
fn=_dl_vdso_vsym
27 8 1 1 8 1 0 0 0 0
28 8 1 1 4 0 0 0 0 0
31 8 0 0 0 0 0 0 0 0
fl=/build/glibc-Cl5G7W/glibc-2.23/elf/../sysdeps/unix/sysv/linux/x86_64/brk.c
fn=brk
31 7 2 2 0 0 0 1 1 1
33 2 0 0 0 0 0 0 0 0
39 1 0 0 0 0 0 0 0 0
40 1 0 0 1 0 0 0 0 0
fl=/build/glibc-Cl5G7W/glibc-2.23/elf/../sysdeps/x86/cpu-features.c
fn=_dl_sysdep_start
29 5 1 1 0 0 0 3 0 0
32 1 0 0 0 0 0 1 0 0
33 3 0 0 0 0 0 0 0 0
34 3 0 0 0 0 0 0 0 0
35 3 0 0 0 0 0 0 0 0
36 2 1 1 0 0 0 0 0 0
41 2 0 0 0 0 0 0 0 0
61 3 1 1 0 0 0 1 0 0
64 10 0 0 0 0 0 0 0 0
68 3 1 1 0 0 0 0 0 0
73 3 0 0 0 0 0 0 0 0
76 1 0 0 0 0 0 0 0 0
77 8 1 1 1 1 1 0 0 0
112 2 1 1 1 0 0 0 0 0
134 2 1 1 1 1 1 0 0 0
175 3 1 1 1 0 0 0 0 0
176 1 0 0 1 0 0 0 0 0
179 2 0 0 0 0 0 0 0 0
180 1 1 1 1 0 0 0 0 0
182 2 0 0 1 0 0 0 0 0
183 7 0 0 0 0 0 4 0 0
190 3 0 0 1 0 0 0 0 0
194 2 0 0 0 0 0 0 0 0
196 4 1 1 0 0 0 0 0 0
200 2 1 1 0 0 0 0 0 0
201 1 0 0 1 0 0 0 0 0
207 3 0 0 1 0 0 0 0 0
209 1 1 1 1 0 0 0 0 0
212 3 0 0 0 0 0 0 0 0
228 2 0 0 0 0 0 0 0 0
229 1 0 0 1 0 0 0 0 0
231 2 0 0 1 0 0 0 0 0
247 4 1 1 0 0 0 0 0 0
248 4 1 1 0 0 0 0 0 0
251 2 1 1 0 0 0 1 0 0
252 2 0 0 1 0 0 0 0 0
258 1 0 0 0 0 0 1 0 0
259 1 0 0 0 0 0 1 0 0
260 1 0 0 0 0 0 1 0 0
fl=/build/glibc-Cl5G7W/glibc-2.23/elf/../sysdeps/x86_64/dl-irel.h
fn=_dl_fixup
32 2 1 1 0 0 0 1 0 0
fl=/build/glibc-Cl5G7W/glibc-2.23/elf/../sysdeps/x86_64/dl-machine.h
fn=_dl_fixup
235 78 0 0 0 0 0 78 0 0
fn=_dl_relocate_object
76 48 0 0 8 0 0 0 0 0
82 14 0 0 14 5 0 0 0 0
86 21 0 0 7 7 6 0 0 0
92 7 1 1 0 0 0 7 0 0
100 21 0 0 7 0 0 0 0 0
102 7 0 0 7 1 0 0 0 0
120 14 0 0 0 0 0 0 0 0
123 35 1 1 0 0 0 7 0 0
129 31 0 0 8 7 1 0 0 0
269 6480 0 0 0 0 0 0 0 0
290 6480 0 0 0 0 0 0 0 0
294 6480 0 0 0 0 0 0 0 0
301 152494 15 15 31810 1728 1283 19451 5 0
303 16111 0 0 6436 7 1 0 0 0
306 12872 1 1 3218 0 0 0 0 0
312 19440 0 0 3240 8 3 0 0 0
345 6 1 1 0 0 0 0 0 0
346 9 0 0 3 1 0 3 1 1
353 6 0 0 2 0 0 0 0 0
364 8 0 0 4 0 0 2 0 0
407 54 1 1 18 0 0 0 0 0
411 90 0 0 18 2 0 0 0 0
425 90 0 0 36 1 1 18 8 8
435 9648 1 1 3216 401 401 3216 1108 417
447 21 0 0 0 0 0 7 0 0
474 3 1 1 1 0 0 0 0 0
478 7 1 1 3 1 0 2 0 0
480 4 0 0 3 0 0 0 0 0
481 1 0 0 0 0 0 0 0 0
512 6009 0 0 2003 505 502 0 0 0
517 4006 0 0 0 0 0 0 0 0
518 6009 0 0 2003 251 251 2003 453 445
528 1920 0 0 971 0 0 0 0 0
532 1898 0 0 0 0 0 0 0 0
534 2847 0 0 949 0 0 0 0 0
535 949 0 0 949 120 118 0 0 0
554 66 0 0 44 0 0 22 0 0
555 22 0 0 0 0 0 22 0 0
fn=_dl_start
59 3 0 0 1 1 1 0 0 0
266 6 0 0 0 0 0 0 0 0
294 12 0 0 0 0 0 0 0 0
303 24 0 0 12 2 2 0 0 0
306 24 0 0 6 4 4 0 0 0
312 37 0 0 6 1 1 0 0 0
425 12 1 1 6 0 0 6 1 1
517 20 0 0 10 1 1 0 0 0
518 30 1 1 10 2 2 10 2 2
fn=_dl_sysdep_start
223 5 0 0 2 1 1 0 0 0
fl=/build/glibc-Cl5G7W/glibc-2.23/elf/../sysdeps/x86_64/dl-trampoline.h
fn=_dl_runtime_resolve_avx
64 78 1 1 0 0 0 78 0 0
67 78 0 0 0 0 0 0 0 0
69 78 0 0 0 0 0 0 0 0
71 78 0 0 0 0 0 0 0 0
74 78 1 1 0 0 0 78 0 0
75 78 0 0 0 0 0 78 0 0
76 78 0 0 0 0 0 78 0 0
77 78 0 0 0 0 0 78 0 0
78 78 0 0 0 0 0 78 0 0
79 78 0 0 0 0 0 78 0 0
80 78 0 0 0 0 0 78 0 0
81 78 0 0 0 0 0 78 0 0
82 78 1 1 0 0 0 78 0 0
83 78 0 0 0 0 0 78 0 0
84 78 0 0 0 0 0 78 0 0
85 78 0 0 0 0 0 78 0 0
86 78 0 0 0 0 0 78 0 0
87 78 0 0 0 0 0 78 0 0
88 78 0 0 0 0 0 78 0 0
93 78 0 0 0 0 0 0 0 0
94 78 1 1 0 0 0 0 0 0
95 78 0 0 0 0 0 0 0 0
96 78 0 0 0 0 0 0 0 0
110 78 0 0 78 0 0 0 0 0
111 78 0 0 78 0 0 0 0 0
112 78 0 0 0 0 0 78 0 0
113 78 0 0 0 0 0 0 0 0
118 78 0 0 0 0 0 0 0 0
119 78 0 0 0 0 0 0 0 0
120 78 1 1 0 0 0 0 0 0
121 78 0 0 0 0 0 0 0 0
134 78 0 0 78 0 0 0 0 0
135 78 0 0 78 0 0 0 0 0
136 78 0 0 78 0 0 0 0 0
137 78 0 0 78 0 0 0 0 0
138 78 0 0 78 0 0 0 0 0
139 78 0 0 78 0 0 0 0 0
140 78 1 1 78 0 0 0 0 0
141 78 0 0 78 0 0 0 0 0
142 78 0 0 78 0 0 0 0 0
143 78 0 0 78 0 0 0 0 0
144 78 0 0 78 0 0 0 0 0
145 78 0 0 78 0 0 0 0 0
146 78 0 0 78 0 0 0 0 0
147 78 0 0 78 0 0 0 0 0
148 78 0 0 78 0 0 0 0 0
150 78 0 0 0 0 0 0 0 0
152 78 1 1 78 0 0 0 0 0
156 78 0 0 0 0 0 0 0 0
159 78 0 0 0 0 0 0 0 0
fl=/build/glibc-Cl5G7W/glibc-2.23/elf/./dl-load.h
fn=_dl_map_object_from_fd
90 24 0 0 0 0 0 0 0 0
91 18 0 0 12 0 0 6 0 0
93 24 1 1 12 0 0 0 0 0
94 20 1 1 12 0 0 0 0 0
95 44 1 1 12 0 0 0 0 0
98 16 0 0 0 0 0 4 0 0
fl=/build/glibc-Cl5G7W/glibc-2.23/elf/./dl-map-segments.h
fn=_dl_map_object_from_fd
56 66 2 2 24 0 0 18 0 0
60 18 0 0 6 0 0 0 0 0
63 18 1 1 6 0 0 6 0 0
64 12 0 0 0 0 0 6 0 0
66 12 0 0 6 0 0 0 0 0
72 42 0 0 12 0 0 6 0 0
73 24 2 2 12 0 0 0 0 0
76 12 0 0 12 0 0 0 0 0
86 60 0 0 12 0 0 0 0 0
88 24 0 0 12 0 0 0 0 0
90 84 1 1 30 0 0 12 0 0
100 48 0 0 24 0 0 0 0 0
106 12 0 0 6 0 0 0 0 0
107 6 0 0 0 0 0 0 0 0
108 30 0 0 6 0 0 0 0 0
109 12 0 0 0 0 0 0 0 0
116 12 0 0 0 0 0 0 0 0
119 12 2 2 0 0 0 0 0 0
127 72 1 1 18 0 0 24 0 0
133 12 0 0 0 0 0 0 0 0
137 27 1 1 0 0 0 6 0 0
140 9 1 1 3 0 0 0 0 0
145 12 1 1 0 0 0 0 0 0
fl=/build/glibc-Cl5G7W/glibc-2.23/elf/dl-addr.c
fn=_dl_addr
30 2 0 0 1 0 0 1 0 0
31 2 0 0 1 0 0 1 0 0
34 2 0 0 1 0 0 0 0 0
38 1 1 1 1 0 0 0 0 0
39 1 0 0 1 0 0 0 0 0
40 3 0 0 2 0 0 1 0 0
42 2 0 0 2 0 0 0 0 0
45 2 0 0 1 1 0 0 0 0
50 2030 0 0 2 0 0 0 0 0
52 1011 1 1 1011 61 16 0 0 0
53 2022 0 0 0 0 0 0 0 0
55 3628 0 0 907 0 0 0 0 0
61 11175 1 1 2235 481 431 0 0 0
63 8940 0 0 2235 0 0 0 0 0
64 16328 0 0 5110 355 322 0 0 0
69 2235 0 0 0 0 0 0 0 0
71 9044 1 1 2235 137 75 0 0 0
99 3 1 1 1 1 0 0 0 0
100 1 0 0 0 0 0 1 1 0
101 3 0 0 1 1 0 0 0 0
104 2 0 0 0 0 0 0 0 0
116 1 1 1 0 0 0 1 0 0
117 1 0 0 0 0 0 1 0 0
126 11 1 1 0 0 0 8 0 0
131 3 1 1 2 0 0 1 0 0
133 2 0 0 0 0 0 1 0 0
135 2 0 0 0 0 0 0 0 0
138 2 0 0 0 0 0 0 0 0
141 2 1 1 1 1 0 1 0 0
144 9 0 0 7 0 0 0 0 0
fl=/build/glibc-Cl5G7W/glibc-2.23/elf/dl-altinit.c
fn=dlinit_alt
33 3 1 1 2 0 0 0 0 0
34 1 0 0 1 0 0 0 0 0
fl=/build/glibc-Cl5G7W/glibc-2.23/elf/dl-cache.c
fn=_dl_cache_libcmp
138 165 1 1 110 42 42 0 0 0
139 634 0 0 0 0 0 0 0 0
141 930 0 0 0 0 0 0 0 0
143 324 0 0 0 0 0 0 0 0
149 14 1 1 0 0 0 0 0 0
150 14 0 0 0 0 0 0 0 0
151 35 0 0 7 0 0 0 0 0
153 35 1 1 7 0 0 0 0 0
155 14 0 0 0 0 0 0 0 0
161 606 1 1 0 0 0 0 0 0
163 1116 0 0 510 0 0 0 0 0
164 96 0 0 48 0 0 0 0 0
167 255 0 0 0 0 0 0 0 0
168 255 0 0 0 0 0 0 0 0
171 21 0 0 7 0 0 0 0 0
fn=_dl_load_cache_lookup
185 45 1 1 0 0 0 30 0 0
193 10 0 0 5 0 0 0 0 0
196 15 0 0 5 0 0 0 0 0
199 5 2 2 0 0 0 1 1 1
207 5 0 0 1 0 0 0 0 0
208 6 1 1 0 0 0 1 0 0
212 1 0 0 0 0 0 1 0 0
215 4 0 0 1 0 0 0 0 0
218 2 0 0 0 0 0 1 0 0
219 3 0 0 0 0 0 0 0 0
220 6 1 1 0 0 0 1 0 0
241 16 0 0 8 0 0 0 0 0
247 10 1 1 0 0 0 0 0 0
256 25 0 0 0 0 0 10 0 0
262 20 0 0 0 0 0 10 0 0
266 20 1 1 10 0 0 10 0 0
281 1285 8 8 233 36 35 125 0 0
297 10 0 0 5 0 0 0 0 0
301 10 0 0 5 0 0 0 0 0
309 45 1 1 5 0 0 5 0 0
310 15 0 0 0 0 0 5 0 0
311 10 0 0 0 0 0 5 0 0
312 40 0 0 35 0 0 0 0 0
fn=_dl_unload_cache
321 1 0 0 0 0 0 0 0 0
322 4 1 1 1 1 0 0 0 0
324 2 0 0 1 0 0 1 0 0
325 1 0 0 0 0 0 1 0 0
327 2 0 0 1 0 0 0 0 0
fl=/build/glibc-Cl5G7W/glibc-2.23/elf/dl-debug.c
fn=_dl_debug_initialize
50 16 1 1 0 0 0 0 0 0
51 8 1 1 8 0 0 0 0 0
55 30 0 0 8 0 0 0 0 0
58 1 0 0 0 0 0 1 0 0
59 10 0 0 7 0 0 1 0 0
60 5 1 1 1 0 0 1 0 0
61 2 0 0 0 0 0 1 0 0
64 1 0 0 1 0 0 0 0 0
fn=_dl_debug_state
74 2 0 0 2 0 0 0 0 0
fl=/build/glibc-Cl5G7W/glibc-2.23/elf/dl-deps.c
fn=_dl_map_object_deps
144 4 0 0 0 0 0 2 0 0
145 2 1 1 0 0 0 2 0 0
146 7 0 0 0 0 0 2 0 0
152 9 0 0 2 0 0 3 0 0
160 11 0 0 0 0 0 9 0 0
161 9 2 2 0 0 0 0 0 0
178 14 1 1 1 0 0 1 0 0
179 2 0 0 1 0 0 0 0 0
182 3 1 1 0 0 0 2 0 0
188 2 0 0 0 0 0 2 0 0
189 1 0 0 0 0 0 1 0 0
201 2 0 0 1 0 0 1 0 0
202 2 1 1 0 0 0 1 0 0
203 1 0 0 0 0 0 1 0 0
204 2 0 0 0 0 0 2 0 0
209 10 2 2 0 0 0 9 0 0
210 4 0 0 0 0 0 0 0 0
213 8 0 0 0 0 0 8 0 0
217 16 0 0 8 2 0 0 0 0
218 53 2 2 23 1 1 0 0 0
220 6 0 0 0 0 0 0 0 0
222 24 0 0 12 0 0 6 0 0
224 45 1 1 3 0 0 9 0 0
229 24 0 0 12 1 0 0 0 0
231 18 0 0 12 0 0 6 0 0
236 6 0 0 0 0 0 6 0 0
237 6 0 0 0 0 0 6 0 0
238 12 0 0 6 0 0 6 0 0
239 12 1 1 6 0 0 6 0 0
242 708 0 0 183 12 0 0 0 0
243 330 1 1 0 0 0 0 0 0
249 98 0 0 28 0 0 14 0 0
251 14 0 0 0 0 0 14 0 0
254 84 1 1 56 0 0 14 0 0
256 42 0 0 14 0 0 0 0 0
271 14 0 0 14 0 0 0 0 0
273 28 0 0 14 0 0 0 0 0
278 18 1 1 0 0 0 0 0 0
281 6 0 0 0 0 0 6 1 1
282 6 0 0 0 0 0 6 0 0
283 6 0 0 0 0 0 6 0 0
284 12 0 0 6 0 0 6 0 0
286 6 0 0 6 0 0 0 0 0
288 36 1 1 6 0 0 12 0 0
292 42 0 0 14 0 0 0 0 0
293 30 0 0 0 0 0 10 0 0
295 453 0 0 0 0 0 0 0 0
317 9 1 1 0 0 0 4 0 0
338 14 1 1 0 0 0 7 0 0
459 24 1 1 8 0 0 0 0 0
461 18 0 0 0 0 0 6 0 0
463 24 1 1 0 0 0 6 0 0
465 12 0 0 0 0 0 0 0 0
468 6 0 0 0 0 0 6 1 1
469 30 0 0 6 0 0 6 0 0
470 30 0 0 0 0 0 6 0 0
473 6 0 0 0 0 0 6 0 0
474 6 0 0 6 0 0 0 0 0
478 46 1 1 23 0 0 0 0 0
480 8 1 1 8 0 0 0 0 0
481 38 0 0 8 0 0 0 0 0
485 6 1 1 2 0 0 0 0 0
486 1 0 0 0 0 0 1 0 0
489 5 1 1 2 0 0 1 0 0
499 5 0 0 1 0 0 1 0 0
502 2 1 1 0 0 0 0 0 0
507 9 0 0 3 0 0 1 0 0
508 10 0 0 8 0 0 1 0 0
510 24 0 0 8 0 0 0 0 0
516 24 1 1 0 0 0 8 2 2
520 24 0 0 24 0 0 0 0 0
523 3 0 0 1 0 0 1 0 0
574 3 1 1 2 0 0 0 0 0
575 1 0 0 0 0 0 1 0 0
576 3 0 0 1 0 0 0 0 0
611 8 1 1 1 0 0 2 0 0
613 2 0 0 0 0 0 0 0 0
614 1 0 0 0 0 0 1 0 0
617 16 1 1 0 0 0 1 0 0
618 5 1 1 0 0 0 0 0 0
619 5 0 0 1 0 0 1 0 0
623 32 1 1 8 0 0 16 0 0
624 16 0 0 8 0 0 0 0 0
630 75 1 1 8 0 0 0 0 0
632 92 0 0 46 0 0 0 0 0
633 62 0 0 0 0 0 0 0 0
635 171 0 0 57 0 0 0 0 0
636 126 1 1 0 0 0 0 0 0
640 10 0 0 0 0 0 6 0 0
642 1 0 0 0 0 0 1 0 0
644 9 0 0 6 0 0 0 0 0
651 7 0 0 0 0 0 4 0 0
653 4 1 1 3 0 0 1 0 0
655 5 0 0 3 0 0 0 0 0
658 22 1 1 0 0 0 0 0 0
661 26 0 0 7 0 0 0 0 0
664 84 1 1 18 0 0 18 0 0
671 2 1 1 1 0 0 1 0 0
673 2 0 0 1 0 0 1 0 0
674 1 0 0 1 0 0 0 0 0
675 3 0 0 1 0 0 0 0 0
682 3 1 1 1 0 0 0 0 0
685 3 0 0 1 0 0 0 0 0
688 8 0 0 7 0 0 0 0 0
fn=openaux
60 28 1 1 0 0 0 14 0 0
63 168 1 1 70 0 0 28 0 0
67 14 0 0 14 0 0 0 0 0
68 28 0 0 28 0 0 0 0 0
fl=/build/glibc-Cl5G7W/glibc-2.23/elf/dl-environ.c
fn=_dl_next_ld_env_entry
30 3 1 1 3 0 0 0 0 0
31 1 1 1 0 0 0 0 0 0
33 238 0 0 79 0 0 0 0 0
35 156 0 0 78 39 39 0 0 0
36 38 0 0 19 0 0 0 0 0
38 2 0 0 0 0 0 0 0 0
41 4 0 0 0 0 0 2 0 0
43 2 0 0 2 0 0 0 0 0
46 76 0 0 0 0 0 0 0 0
50 1 0 0 1 0 0 0 0 0
fl=/build/glibc-Cl5G7W/glibc-2.23/elf/dl-error.c
fn=_dl_catch_error
163 60 1 1 0 0 0 45 0 0
175 30 1 1 0 0 0 30 4 4
176 30 0 0 0 0 0 30 0 0
177 30 0 0 0 0 0 30 0 0
178 30 0 0 0 0 0 15 0 0
180 15 0 0 15 0 0 15 2 2
181 30 0 0 15 0 0 15 0 0
182 45 1 1 0 0 0 30 0 0
185 90 0 0 0 0 0 15 0 0
187 45 0 0 30 0 0 15 0 0
188 45 0 0 30 0 0 15 0 0
189 30 1 1 15 0 0 15 0 0
190 30 0 0 15 0 0 15 0 0
191 30 0 0 15 0 0 15 0 0
199 60 0 0 30 0 0 0 0 0
fn=_dl_receive_error
205 10 1 1 0 0 0 6 0 0
206 2 0 0 1 0 0 1 0 0
210 1 0 0 1 0 0 0 0 0
211 1 0 0 1 0 0 0 0 0
214 1 0 0 0 0 0 1 0 0
215 1 0 0 0 0 0 1 0 0
217 2 0 0 0 0 0 1 0 0
219 1 1 1 0 0 0 1 0 0
220 1 0 0 0 0 0 1 0 0
221 8 0 0 7 0 0 0 0 0
fl=/build/glibc-Cl5G7W/glibc-2.23/elf/dl-hwcaps.c
fn=_dl_important_hwcaps
39 12 1 1 0 0 0 10 2 2
41 1 0 0 1 0 0 0 0 0
42 3 0 0 0 0 0 0 0 0
51 3 0 0 1 0 0 0 0 0
61 4 1 1 1 0 0 1 0 0
113 1 1 1 0 0 0 0 0 0
115 5 1 1 0 0 0 1 0 0
130 10 1 1 0 0 0 1 0 0
131 1 0 0 0 0 0 0 0 0
162 2 1 1 0 0 0 0 0 0
170 3 1 1 1 0 0 0 0 0
172 2 0 0 1 0 0 1 0 0
173 5 0 0 1 0 0 1 0 0
177 3 1 1 1 0 0 1 0 0
178 1 0 0 0 0 0 1 0 0
181 2 0 0 0 0 0 0 0 0
184 2 0 0 0 0 0 0 0 0
185 1 0 0 1 0 0 0 0 0
188 12 1 1 2 0 0 2 0 0
189 2 0 0 0 0 0 0 0 0
207 11 1 1 2 0 0 5 0 0
208 6 0 0 0 0 0 3 0 0
209 6 1 1 4 0 0 0 0 0
238 3 0 0 0 0 0 2 1 1
241 2 0 0 0 0 0 0 0 0
243 10 0 0 3 0 0 4 0 0
244 20 1 1 5 0 0 5 0 0
264 7 2 2 2 0 0 0 0 0
269 10 0 0 2 0 0 0 0 0
270 8 0 0 0 0 0 4 0 0
274 11 1 1 0 0 0 0 0 0
277 26 0 0 0 0 0 0 0 0
278 24 0 0 0 0 0 0 0 0
279 12 0 0 8 0 0 0 0 0
281 4 1 1 0 0 0 0 0 0
284 3 0 0 1 0 0 0 0 0
285 2 0 0 1 0 0 0 0 0
286 12 2 2 3 0 0 0 0 0
299 6 0 0 2 0 0 2 0 0
300 2 0 0 0 0 0 0 0 0
302 4 0 0 0 0 0 0 0 0
305 4 0 0 3 0 0 1 0 0
307 1 0 0 0 0 0 0 0 0
308 10 1 1 7 0 0 1 0 0
fl=/build/glibc-Cl5G7W/glibc-2.23/elf/dl-init.c
fn=_dl_init
30 53 1 1 9 2 0 7 0 0
80 11 1 1 0 0 0 6 0 0
81 1 0 0 1 1 0 0 0 0
82 1 0 0 1 0 0 0 0 0
85 3 0 0 1 0 0 0 0 0
88 2 0 0 0 0 0 1 0 0
93 2 0 0 0 0 0 0 0 0
94 2 1 1 1 0 0 0 0 0
104 2 1 1 0 0 0 1 0 0
119 27 0 0 0 0 0 0 0 0
120 24 0 0 16 2 0 0 0 0
126 8 0 0 7 0 0 0 0 0
fn=call_init.part.0
28 40 0 0 0 0 0 40 0 0
36 24 0 0 8 0 0 8 0 0
39 32 1 1 16 6 0 0 0 0
40 3 1 1 0 0 0 0 0 0
44 49 0 0 7 5 0 0 0 0
45 3 0 0 1 0 0 0 0 0
49 12 0 0 6 0 0 0 0 0
58 42 1 1 18 11 0 6 0 0
62 12 0 0 0 0 0 0 0 0
68 18 0 0 12 2 0 0 0 0
70 12 0 0 12 1 0 0 0 0
71 68 1 1 0 0 0 0 0 0
72 95 0 0 19 8 0 19 0 0
74 48 0 0 48 1 0 0 0 0
fl=/build/glibc-Cl5G7W/glibc-2.23/elf/dl-load.c
fn=_dl_init_paths
689 9 2 2 0 0 0 7 0 0
702 6 0 0 2 0 0 2 0 0
706 1 0 0 0 0 0 1 0 0
707 2 0 0 0 0 0 1 0 0
708 3 0 0 0 0 0 0 0 0
715 4 0 0 0 0 0 0 0 0
716 4 1 1 1 0 0 2 0 0
719 5 0 0 0 0 0 2 0 0
721 2 0 0 0 0 0 0 0 0
727 2 1 1 0 0 0 1 0 0
728 1 0 0 0 0 0 1 0 0
736 3 0 0 0 0 0 3 0 0
738 9 1 1 0 0 0 4 0 0
739 4 0 0 0 0 0 4 3 3
741 8 0 0 0 0 0 4 1 1
742 10 0 0 3 1 1 4 0 0
743 12 0 0 0 0 0 3 0 0
746 6 1 1 3 1 1 0 0 0
747 25 0 0 8 0 0 4 0 0
750 35 1 1 4 0 0 6 0 0
756 1 1 1 0 0 0 1 1 1
757 1 0 0 0 0 0 1 0 0
761 1 0 0 1 0 0 0 0 0
762 2 0 0 0 0 0 0 0 0
764 4 0 0 1 0 0 0 0 0
766 3 0 0 1 0 0 0 0 0
783 1 0 0 0 0 0 1 0 0
785 3 1 1 1 0 0 0 0 0
799 2 1 1 0 0 0 1 0 0
804 5 2 2 2 0 0 0 0 0
810 5 0 0 0 0 0 1 0 0
812 12 1 1 1 0 0 2 0 0
829 466 1 1 52 0 0 0 0 0
833 1 0 0 0 0 0 1 0 0
834 1 0 0 0 0 0 1 0 0
835 2 0 0 0 0 0 0 0 0
841 9 1 1 1 0 0 2 0 0
845 5 0 0 4 0 0 0 0 0
851 1 0 0 0 0 0 1 0 0
855 8 0 0 7 0 0 0 0 0
fn=_dl_map_object
383 5 0 0 0 0 0 1 0 0
387 2 0 0 0 0 0 1 0 0
666 48 1 1 16 0 0 0 0 0
669 4 0 0 0 0 0 0 0 0
672 6 0 0 2 0 0 0 0 0
675 4 2 2 0 0 0 2 0 0
2189 135 1 1 0 0 0 120 8 8
2191 6 0 0 0 0 0 6 0 0
2197 30 1 1 0 0 0 0 0 0
2198 60 0 0 15 0 0 0 0 0
2201 297 0 0 74 0 0 0 0 0
2206 476 1 1 68 0 0 0 0 0
2208 340 0 0 0 0 0 68 0 0
2212 118 0 0 59 0 0 0 0 0
2213 177 1 1 59 0 0 0 0 0
2216 34 0 0 34 0 0 0 0 0
2218 204 0 0 68 1 0 34 0 0
2235 30 2 2 12 0 0 6 0 0
2244 18 1 1 6 0 0 0 0 0
2278 6 0 0 0 0 0 6 2 2
2280 30 0 0 0 0 0 6 0 0
2284 20 1 1 0 0 0 10 0 0
2286 10 1 1 5 0 0 0 0 0
2293 20 0 0 5 0 0 0 0 0
2297 10 1 1 5 0 0 5 0 0
2302 33 1 1 6 0 0 5 0 0
2303 6 0 0 0 0 0 0 0 0
2305 45 0 0 0 0 0 15 0 0
2317 15 1 1 10 0 0 0 0 0
2318 40 1 1 10 0 0 5 0 0
2319 5 0 0 0 0 0 0 0 0
2328 10 0 0 5 0 0 0 0 0
2329 75 1 1 5 0 0 20 0 0
2335 25 1 1 5 0 0 0 0 0
2336 5 0 0 0 0 0 0 0 0
2344 5 0 0 0 0 0 5 0 0
2358 10 1 1 0 0 0 0 0 0
2360 15 0 0 5 0 0 0 0 0
2364 15 0 0 0 0 0 10 0 0
2366 10 0 0 0 0 0 0 0 0
2370 10 0 0 0 0 0 0 0 0
2378 15 1 1 5 0 0 0 0 0
2401 55 0 0 5 0 0 10 0 0
2405 20 0 0 10 0 0 0 0 0
2406 10 1 1 0 0 0 5 0 0
2423 10 1 1 5 0 0 0 0 0
2429 1 0 0 0 0 0 1 0 0
2431 2 1 1 0 0 0 0 0 0
2432 3 0 0 0 0 0 0 0 0
2436 10 1 1 0 0 0 2 0 0
2439 4 0 0 2 0 0 0 0 0
2451 18 1 1 0 0 0 0 0 0
2453 20 0 0 0 0 0 0 0 0
2497 12 0 0 6 0 0 6 0 0
2498 102 1 1 18 0 0 30 0 0
2500 120 0 0 105 0 0 0 0 0
fn=_dl_map_object_from_fd
893 90 2 2 0 0 0 66 2 2
903 24 0 0 6 0 0 12 1 1
904 6 0 0 0 0 0 6 0 0
919 129 1 1 45 0 0 0 0 0
920 54 0 0 27 0 0 0 0 0
937 12 1 1 6 0 0 0 0 0
961 12 0 0 6 0 0 0 0 0
971 12 1 1 6 0 0 0 0 0
993 24 0 0 12 0 0 0 0 0
1025 12 0 0 0 0 0 0 0 0
1028 48 1 1 30 0 0 6 0 0
1029 12 0 0 0 0 0 0 0 0
1040 18 0 0 12 0 0 6 5 5
1041 24 0 0 12 0 0 12 0 0
1042 12 0 0 6 0 0 6 0 0
1044 24 1 1 0 0 0 0 0 0
1045 24 0 0 12 0 0 0 0 0
1046 6 0 0 0 0 0 0 0 0
1063 6 0 0 0 0 0 6 0 0
1065 60 1 1 0 0 0 12 0 0
1073 394 0 0 0 0 0 0 0 0
1074 352 2 2 47 0 0 0 0 0
1080 12 0 0 6 0 0 6 0 0
1081 18 0 0 6 0 0 6 0 0
1082 6 0 0 0 0 0 0 0 0
1085 4 0 0 2 0 0 2 0 0
1086 2 0 0 0 0 0 0 0 0
1091 60 2 2 24 0 0 0 0 0
1096 96 0 0 24 0 0 0 0 0
1104 48 0 0 0 0 0 0 0 0
1105 48 0 0 0 0 0 12 4 4
1106 60 1 1 12 0 0 12 0 0
1107 12 0 0 0 0 0 12 1 1
1108 24 0 0 12 0 0 12 0 0
1109 24 0 0 0 0 0 12 3 3
1113 24 0 0 0 0 0 0 0 0
1114 36 0 0 18 0 0 6 0 0
1118 108 1 1 12 0 0 12 0 0
1129 12 0 0 0 0 0 0 0 0
1132 6 1 1 2 0 0 0 0 0
1136 2 0 0 0 0 0 2 2 2
1137 6 0 0 4 0 0 2 1 1
1138 4 0 0 0 0 0 0 0 0
1141 6 1 1 0 0 0 2 0 0
1142 4 0 0 2 0 0 2 0 0
1145 2 0 0 0 0 0 2 0 0
1149 8 0 0 2 0 0 0 0 0
1155 6 0 0 2 0 0 4 1 1
1156 2 0 0 0 0 0 0 0 0
1160 48 1 1 6 0 0 18 0 0
1168 12 0 0 0 0 0 6 0 0
1211 12 1 1 6 0 0 6 0 0
1212 6 0 0 0 0 0 0 0 0
1215 10 0 0 5 0 0 5 1 1
1216 15 0 0 10 0 0 5 0 0
1217 5 0 0 0 0 0 0 0 0
1220 18 1 1 6 0 0 0 0 0
1229 12 0 0 0 0 0 0 0 0
1239 54 0 0 24 0 0 6 0 0
1251 24 1 1 12 0 0 0 0 0
1255 8 2 2 4 0 0 0 0 0
1260 18 1 1 6 0 0 6 0 0
1267 12 0 0 0 0 0 0 0 0
1282 18 1 1 6 0 0 0 0 0
1301 12 0 0 6 0 0 6 0 0
1303 30 1 1 12 0 0 0 0 0
1357 18 0 0 6 4 4 0 0 0
1358 4 0 0 2 0 0 2 0 0
1361 24 0 0 6 0 0 6 0 0
1370 12 0 0 6 0 0 0 0 0
1372 24 1 1 12 0 0 6 0 0
1374 12 0 0 6 0 0 0 0 0
1390 12 0 0 0 0 0 6 0 0
1394 12 0 0 6 0 0 0 0 0
1395 12 0 0 6 0 0 0 0 0
1412 12 1 1 6 0 0 0 0 0
1413 4 0 0 0 0 0 2 0 0
1416 18 1 1 6 0 0 12 0 0
1421 12 0 0 6 0 0 0 0 0
1431 12 0 0 6 0 0 0 0 0
1441 18 0 0 6 0 0 6 0 0
1445 24 0 0 6 0 0 0 0 0
1465 48 0 0 42 0 0 0 0 0
fn=fillin_rpath
383 10 2 2 0 0 0 2 0 0
387 6 0 0 0 0 0 2 0 0
444 16 2 2 0 0 0 12 0 0
446 1 0 0 0 0 0 0 0 0
448 18 1 1 6 0 0 3 0 0
455 4 0 0 2 0 0 0 0 0
461 4 0 0 0 0 0 0 0 0
466 4 0 0 0 0 0 2 0 0
467 4 0 0 0 0 0 0 0 0
474 16 2 2 2 0 0 0 0 0
479 6 0 0 0 0 0 2 0 0
483 6 1 1 2 0 0 0 0 0
490 18 0 0 6 0 0 0 0 0
491 22 1 1 7 0 0 2 0 0
498 2 0 0 0 0 0 0 0 0
499 2 0 0 1 0 0 0 0 0
509 4 2 2 1 0 0 1 0 0
512 5 1 1 1 0 0 2 0 0
513 2 0 0 1 0 0 0 0 0
515 3 0 0 1 0 0 0 0 0
519 1 0 0 0 0 0 1 0 0
520 1 0 0 0 0 0 0 0 0
521 4 0 0 0 0 0 2 0 0
522 1 1 1 0 0 0 1 0 0
524 2 0 0 1 0 0 0 0 0
530 4 0 0 1 0 0 0 0 0
531 18 1 1 1 0 0 0 0 0
532 11 1 1 0 0 0 4 0 0
534 2 1 1 1 0 0 1 0 0
535 3 0 0 1 0 0 0 0 0
540 2 1 1 0 0 0 1 0 0
542 3 0 0 1 0 0 1 0 0
543 1 0 0 0 0 0 1 0 0
546 2 0 0 0 0 0 1 0 0
548 6 0 0 0 0 0 2 0 0
552 1 0 0 0 0 0 1 0 0
555 9 0 0 7 0 0 0 0 0
fn=open_path
2040 40 1 1 0 0 0 30 1 1
2041 10 0 0 5 0 0 5 1 1
2044 5 1 1 0 0 0 5 0 0
2045 5 0 0 0 0 0 5 0 0
2047 10 0 0 0 0 0 0 0 0
2052 85 1 1 10 0 0 35 1 1
2055 5 0 0 5 0 0 0 0 0
2064 10 0 0 5 0 0 0 0 0
2071 25 0 0 10 0 0 10 2 2
2072 109 1 1 9 0 0 0 0 0
2075 40 1 1 20 0 0 0 0 0
2078 16 0 0 0 0 0 0 0 0
2079 64 1 1 40 0 0 16 0 0
2080 32 0 0 8 0 0 0 0 0
2085 16 1 1 8 0 0 0 0 0
2086 3 1 1 0 0 0 0 0 0
2088 80 0 0 40 0 0 16 0 0
2090 40 0 0 24 0 0 0 0 0
2092 8 0 0 0 0 0 0 0 0
2097 8 1 1 4 0 0 0 0 0
2098 36 0 0 16 0 0 0 0 0
2104 22 1 1 4 0 0 9 0 0
2106 24 0 0 4 0 0 4 0 0
2107 2 0 0 1 1 1 0 0 0
2109 17 1 1 0 0 0 4 0 0
2116 28 1 1 4 0 0 0 0 0
2118 8 0 0 0 0 0 0 0 0
2126 20 1 1 5 0 0 5 0 0
2154 5 0 0 0 0 0 0 0 0
2157 35 2 2 5 0 0 0 0 0
2162 5 0 0 5 0 0 0 0 0
2164 20 0 0 15 0 0 0 0 0
2167 15 0 0 5 0 0 0 0 0
2181 40 0 0 35 0 0 0 0 0
fn=open_verify.constprop.7
1717 196 1 1 14 0 0 126 2 2
1756 68 0 0 14 0 0 0 0 0
1787 70 1 1 0 0 0 28 2 2
1789 34 0 0 0 0 0 0 0 0
1799 6 1 1 0 0 0 6 0 0
1800 12 0 0 0 0 0 6 0 0
1805 48 0 0 12 0 0 12 0 0
1807 12 0 0 0 0 0 0 0 0
1809 18 1 1 6 0 0 6 0 0
1811 12 0 0 0 0 0 0 0 0
1817 12 0 0 0 0 0 0 0 0
1826 6 1 1 3 0 0 0 0 0
1833 108 3 3 15 0 0 15 0 0
1907 12 0 0 6 0 0 0 0 0
1912 12 0 0 6 0 0 0 0 0
1914 24 0 0 6 0 0 0 0 0
1920 12 1 1 0 0 0 0 0 0
1931 12 0 0 6 2 2 0 0 0
1937 36 0 0 6 0 0 0 0 0
1938 24 0 0 6 0 0 0 0 0
1939 18 1 1 6 0 0 6 0 0
1959 308 1 1 40 0 0 0 0 0
1961 104 1 1 49 11 11 0 0 0
1965 24 0 0 12 0 0 0 0 0
1966 18 0 0 6 0 0 0 0 0
1975 54 1 1 0 0 0 9 0 0
1978 42 0 0 12 0 0 0 0 0
1982 18 0 0 0 0 0 0 0 0
1987 3 0 0 0 0 0 0 0 0
1988 3 0 0 0 0 0 0 0 0
1991 6 0 0 0 0 0 0 0 0
1994 21 0 0 9 1 1 0 0 0
1997 9 0 0 3 0 0 0 0 0
1998 15 0 0 3 0 0 0 0 0
2003 8 0 0 0 0 0 0 0 0
2026 112 2 2 98 0 0 0 0 0
fl=/build/glibc-Cl5G7W/glibc-2.23/elf/dl-lookup.c
fn=_dl_lookup_symbol_x
568 378344 1 1 92483 1864 1585 2103 0 0
569 361520 0 0 0 0 0 0 0 0
806 31545 2 2 2103 0 0 18927 9 0
808 4206 0 0 0 0 0 2103 0 0
809 4206 0 0 0 0 0 4206 0 0
812 2103 0 0 2103 4 0 0 0 0
816 8360 0 0 2077 0 0 0 0 0
820 14721 1 1 4206 0 0 6309 0 0
821 4206 0 0 0 0 0 0 0 0
823 4206 1 1 4206 6 0 0 0 0
827 6419 0 0 22 0 0 0 0 0
829 29442 1 1 14721 0 0 14721 7 0
832 6309 0 0 0 0 0 0 0 0
835 22 0 0 0 0 0 0 0 0
858 4206 0 0 2103 0 0 0 0 0
860 154 1 1 44 0 0 0 0 0
876 22 0 0 0 0 0 22 0 0
877 44 0 0 0 0 0 0 0 0
880 2081 0 0 2081 0 0 0 0 0
881 14567 1 1 4162 0 0 0 0 0
912 2081 0 0 0 0 0 0 0 0
921 10405 0 0 2081 0 0 0 0 0
935 6243 0 0 2081 14 0 0 0 0
936 2 1 1 0 0 0 1 0 0
938 8324 1 1 4162 0 0 0 0 0
943 2081 0 0 0 0 0 2081 0 0
945 16824 0 0 14721 0 0 0 0 0
fn=_dl_setup_hash
956 24 1 1 8 0 0 0 0 0
960 8 0 0 8 0 0 0 0 0
964 16 0 0 8 8 8 8 0 0
965 8 0 0 8 0 0 0 0 0
966 8 0 0 8 2 2 0 0 0
968 24 0 0 0 0 0 0 0 0
969 8 0 0 0 0 0 8 0 0
970 24 1 1 8 0 0 8 0 0
972 8 0 0 0 0 0 8 0 0
973 16 0 0 0 0 0 0 0 0
975 8 0 0 0 0 0 8 0 0
977 24 0 0 0 0 0 8 0 0
978 8 0 0 8 0 0 0 0 0
fn=check_match
92 16648 1 1 4162 45 21 8324 5 0
95 14567 1 1 4162 232 182 0 0 0
107 12486 0 0 2081 0 0 2081 12 1
110 8654 0 0 110 0 0 55 0 0
114 2081 0 0 2081 13 0 0 0 0
115 4162 1 1 0 0 0 0 0 0
117 4154 0 0 0 0 0 0 0 0
136 4154 0 0 4154 33 11 0 0 0
137 16616 1 1 6231 19 0 0 0 0
138 12462 1 1 4154 9 0 2077 0 0
165 8 0 0 0 0 0 0 0 0
167 24 0 0 8 4 2 0 0 0
168 16 2 1 0 0 0 0 0 0
176 2081 0 0 0 0 0 0 0 0
183 12486 0 0 10405 0 0 0 0 0
fn=do_lookup_x
191 690 0 0 82 0 0 0 0 0
192 1212 1 1 82 0 0 0 0 0
193 500 1 1 250 58 58 0 0 0
195 196 0 0 0 0 0 0 0 0
196 196 0 0 0 0 0 0 0 0
197 528 1 1 0 0 0 0 0 0
200 152 0 0 0 0 0 152 0 0
201 152 0 0 0 0 0 152 0 0
202 234 0 0 82 0 0 152 0 0
203 244 1 1 0 0 0 152 0 0
220 488 1 1 244 0 0 244 0 0
222 854 0 0 122 2 0 244 0 0
224 488 0 0 122 2 1 122 0 0
225 122 0 0 122 0 0 0 0 0
226 244 1 1 0 0 0 0 0 0
228 605 0 0 0 0 0 121 0 0
229 1947 1 1 0 0 0 242 0 0
232 759 1 1 253 82 43 0 0 0
233 280 0 0 160 0 0 40 0 0
235 80 0 0 0 0 0 0 0 0
245 40 0 0 40 0 0 0 0 0
246 80 0 0 80 0 0 0 0 0
248 160 1 1 80 0 0 120 0 0
252 558 0 0 213 0 0 0 0 0
256 462 0 0 0 0 0 0 0 0
257 264 1 1 0 0 0 0 0 0
260 972 0 0 324 0 0 0 0 0
267 10 0 0 0 0 0 2 0 0
268 8 1 1 0 0 0 2 0 0
270 6 0 0 0 0 0 0 0 0
277 204 0 0 4 0 0 4 0 0
278 276 1 1 92 11 2 0 0 0
279 280 0 0 210 0 0 0 0 0
283 14 1 1 6 0 0 2 0 0
284 2 0 0 0 0 0 2 0 0
286 2 0 0 0 0 0 2 0 0
287 6 0 0 2 1 0 4 0 0
303 2 0 0 0 0 0 0 0 0
311 4702 0 0 0 0 0 0 0 0
312 4 0 0 0 0 0 2 0 0
313 2 1 1 0 0 0 0 0 0
316 1 0 0 0 0 0 1 0 0
317 1 0 0 0 0 0 1 0 0
318 4 0 0 1 1 0 2 0 0
321 164 0 0 0 0 0 0 0 0
322 328 1 1 246 0 0 0 0 0
329 328 0 0 82 0 0 0 0 0
332 66 0 0 0 0 0 0 0 0
334 410 1 1 164 0 0 0 0 0
339 164 0 0 164 0 0 82 0 0
341 246 0 0 164 0 0 82 0 0
342 82 0 0 0 0 0 82 0 0
355 25236 2 2 2103 0 0 21030 16 0
356 2103 0 0 2103 4 0 0 0 0
362 2103 0 0 2103 0 0 0 0 0
366 13566 0 0 13566 39 0 0 0 0
369 13566 1 1 0 0 0 0 0 0
373 24087 0 0 2106 0 0 4206 0 0
377 13564 0 0 6782 28 0 0 0 0
381 13564 0 0 6782 2 0 0 0 0
387 20346 0 0 6782 19 0 0 0 0
391 6782 1 1 0 0 0 6782 0 0
392 6782 0 0 0 0 0 6782 0 0
395 20346 0 0 13564 66 0 6782 0 0
396 20346 0 0 13564 8 0 6782 0 0
399 6782 0 0 6782 0 0 0 0 0
400 13564 0 0 0 0 0 0 0 0
402 20346 1 1 20346 839 110 0 0 0
403 8412 1 1 0 0 0 2103 0 0
410 87220 0 0 22449 0 0 4206 0 0
413 13146 2 2 6573 1109 192 0 0 0
415 4382 0 0 0 0 0 0 0 0
417 28275 1 1 8700 0 0 10875 0 0
420 24965 0 0 4993 1569 405 0 0 0
422 8324 1 1 2081 0 0 0 0 0
423 31215 1 1 14567 0 0 12486 7 0
427 6243 0 0 0 0 0 0 0 0
430 8736 0 0 0 0 0 0 0 0
439 18729 2 2 10405 0 0 0 0 0
461 188 1 1 94 0 0 0 0 0
469 4162 1 1 2081 0 0 0 0 0
488 1122 0 0 187 0 0 0 0 0
519 10648 0 0 2081 0 0 0 0 0
523 4317 0 0 1439 2 0 0 0 0
535 3918 1 1 1959 0 0 1959 0 0
536 1959 0 0 0 0 0 1959 0 0
537 3918 0 0 0 0 0 0 0 0
542 244 0 0 0 0 0 0 0 0
553 36450 1 1 13717 11 0 0 0 0
554 1110 0 0 0 0 0 222 0 0
555 658 2 2 470 0 0 0 0 0
557 14106 0 0 0 0 0 0 0 0
560 22 0 0 0 0 0 0 0 0
561 16824 1 1 14721 0 0 0 0 0
fl=/build/glibc-Cl5G7W/glibc-2.23/elf/dl-minimal.c
fn=__libc_memalign
52 138 1 1 0 0 0 92 2 2
53 183 0 0 91 2 0 0 0 0
58 5 0 0 0 0 0 1 0 0
59 2 1 1 1 0 0 0 0 0
64 184 0 0 0 0 0 46 0 0
67 302 1 1 0 0 0 0 0 0
71 20 0 0 5 0 0 0 0 0
72 10 0 0 0 0 0 0 0 0
78 40 0 0 0 0 0 5 0 0
80 25 0 0 10 0 0 0 0 0
84 15 0 0 0 0 0 5 0 0
87 46 1 1 0 0 0 46 0 0
88 46 0 0 0 0 0 46 0 0
90 230 0 0 138 0 0 0 0 0
fn=calloc
103 19 1 1 0 0 0 0 0 0
107 19 0 0 0 0 0 0 0 0
111 95 0 0 0 0 0 0 0 0
114 19 0 0 0 0 0 0 0 0
fn=free
120 4 1 1 0 0 0 4 0 0
122 12 0 0 4 0 0 0 0 0
126 5 0 0 1 0 0 1 0 0
127 1 0 0 0 0 0 1 0 0
129 8 0 0 8 0 0 0 0 0
fn=malloc
94 45 0 0 0 0 0 0 0 0
95 90 0 0 0 0 0 0 0 0
fn=strsep
354 6 1 1 3 0 0 0 0 0
356 3 0 0 3 0 0 0 0 0
357 6 0 0 0 0 0 0 0 0
361 264 1 1 52 0 0 0 0 0
366 202 0 0 101 0 0 0 0 0
368 300 0 0 100 0 0 0 0 0
372 2 0 0 0 0 0 1 0 0
376 50 0 0 0 0 0 0 0 0
379 2 0 0 0 0 0 2 0 0
383 3 0 0 3 0 0 0 0 0
fl=/build/glibc-Cl5G7W/glibc-2.23/elf/dl-misc.c
fn=_dl_higher_prime_number
344 2 0 0 0 0 0 0 0 0
345 2 0 0 0 0 0 0 0 0
347 25 0 0 3 0 0 0 0 0
349 80 1 1 0 0 0 0 0 0
350 37 0 0 10 4 2 0 0 0
351 3 0 0 0 0 0 0 0 0
fn=_dl_name_match_p
288 1850 1 1 0 0 0 740 1 0
289 1480 0 0 370 6 0 370 0 0
290 392 0 0 0 0 0 0 0 0
292 370 0 0 370 0 0 0 0 0
294 1474 0 0 0 0 0 0 0 0
295 1945 1 1 389 26 0 389 0 0
298 367 0 0 367 0 0 0 0 0
300 348 0 0 0 0 0 0 0 0
301 1850 0 0 1110 0 0 0 0 0
fn=_dl_sysdep_read_whole_file
45 8 2 2 0 0 0 4 0 0
52 3 0 0 0 0 0 1 0 0
53 2 0 0 0 0 0 0 0 0
55 7 0 0 0 0 0 1 0 0
57 2 0 0 1 0 0 1 0 0
60 2 0 0 0 0 0 0 0 0
62 8 1 1 0 0 0 1 0 0
73 2 0 0 0 0 0 1 0 0
76 7 0 0 5 0 0 0 0 0
fl=/build/glibc-Cl5G7W/glibc-2.23/elf/dl-object.c
fn=_dl_add_to_namespace_list
32 35 1 1 0 0 0 21 0 0
34 21 0 0 7 0 0 7 0 0
36 64 0 0 7 0 0 0 0 0
39 81 0 0 27 0 0 0 0 0
41 6 0 0 0 0 0 6 0 0
43 6 0 0 0 0 0 6 0 0
46 2 0 0 0 0 0 1 0 0
47 21 1 1 7 0 0 0 0 0
48 14 0 0 7 0 0 7 0 0
49 14 0 0 0 0 0 7 0 0
51 14 0 0 7 0 0 0 0 0
52 21 0 0 21 0 0 0 0 0
fn=_dl_new_object
61 98 1 1 0 0 0 70 2 2
62 21 0 0 0 0 0 7 0 0
68 91 3 3 14 1 1 0 0 0
75 35 0 0 0 0 0 14 0 0
78 14 1 1 0 0 0 0 0 0
81 7 0 0 0 0 0 7 5 5
82 14 0 0 0 0 0 7 7 7
85 14 0 0 0 0 0 7 2 2
87 35 0 0 14 0 0 14 3 3
89 7 1 1 0 0 0 7 0 0
97 42 0 0 14 0 0 7 1 1
98 42 0 0 14 7 7 7 0 0
101 14 0 0 7 0 0 0 0 0
102 20 0 0 6 0 0 7 7 7
103 7 1 1 0 0 0 7 0 0
107 7 0 0 0 0 0 7 0 0
110 52 0 0 0 0 0 0 0 0
112 32 0 0 0 0 0 16 4 4
122 14 0 0 0 0 0 7 2 2
123 7 1 1 0 0 0 7 7 7
128 42 0 0 7 1 1 0 0 0
130 25 0 0 0 0 0 6 2 2
133 16 1 1 0 0 0 0 0 0
137 21 0 0 7 0 0 0 0 0
141 36 1 1 0 0 0 0 0 0
143 5 1 1 1 0 0 0 0 0
149 1 0 0 0 0 0 1 0 0
152 14 1 1 0 0 0 7 1 1
155 21 0 0 0 0 0 7 0 0
157 42 0 0 6 0 0 12 0 0
161 24 0 0 6 0 0 0 0 0
165 18 0 0 0 0 0 6 0 0
166 24 0 0 0 0 0 0 0 0
168 1 1 1 0 0 0 0 0 0
211 119 1 1 12 0 0 6 0 0
216 101 0 0 0 0 0 0 0 0
217 214 0 0 101 0 0 0 0 0
222 12 0 0 0 0 0 6 0 0
225 12 0 0 0 0 0 6 1 1
229 56 0 0 49 0 0 0 0 0
fl=/build/glibc-Cl5G7W/glibc-2.23/elf/dl-open.c
fn=_dl_find_dso_for_object
182 5 2 2 1 0 0 0 0 0
183 19 1 1 6 0 0 0 0 0
184 24 0 0 12 4 0 0 0 0
185 2 0 0 1 0 0 0 0 0
188 2 0 0 1 0 0 0 0 0
192 1 0 0 1 0 0 0 0 0
fl=/build/glibc-Cl5G7W/glibc-2.23/elf/dl-profstub.c
fn=_dl_mcount_wrapper_check
38 384 2 2 256 0 0 0 0 0
39 128 0 0 128 0 0 0 0 0
fl=/build/glibc-Cl5G7W/glibc-2.23/elf/dl-reloc.c
fn=_dl_relocate_object
149 96 2 2 0 0 0 64 0 0
156 8 0 0 0 0 0 8 0 0
159 16 0 0 0 0 0 0 0 0
160 48 0 0 0 0 0 24 0 0
164 16 0 0 0 0 0 0 0 0
165 48 0 0 8 3 0 8 0 0
171 16 1 1 8 0 0 0 0 0
177 24 0 0 8 0 0 0 0 0
178 16 1 1 8 7 0 0 0 0
181 16 0 0 8 0 0 0 0 0
188 16 0 0 8 3 0 0 0 0
232 24 1 1 16 1 0 8 0 0
258 384 3 3 119 27 0 109 0 0
261 32 0 0 8 0 0 0 0 0
285 8 0 0 8 0 0 0 0 0
288 16 0 0 8 0 0 0 0 0
305 24 0 0 8 5 0 0 0 0
307 64 0 0 56 2 0 0 0 0
313 49 2 2 21 0 0 7 0 0
316 14 0 0 0 0 0 0 0 0
320 14 0 0 0 0 0 0 0 0
321 49 1 1 7 0 0 7 0 0
fl=/build/glibc-Cl5G7W/glibc-2.23/elf/dl-tls.c
fn=_dl_add_to_slotinfo
890 8 1 1 0 0 0 6 0 0
896 4 1 1 2 0 0 0 0 0
899 2 0 0 2 2 0 0 0 0
904 10 0 0 2 1 0 0 0 0
945 2 0 0 0 0 0 2 1 0
946 6 1 1 2 2 0 2 0 0
947 8 0 0 8 0 0 0 0 0
fn=_dl_allocate_tls_init
449 7 0 0 0 0 0 6 0 0
450 2 1 1 0 0 0 0 0 0
454 2 0 0 1 1 0 1 0 0
456 1 0 0 0 0 0 1 0 0
457 3 0 0 1 0 0 0 0 0
460 4 1 1 2 1 0 1 0 0
472 1 0 0 1 0 0 0 0 0
477 12 0 0 1 0 0 0 0 0
483 20 1 1 2 0 0 1 0 0
486 2 0 0 2 1 0 0 0 0
487 4 1 1 0 0 0 0 0 0
493 6 0 0 4 0 0 0 0 0
494 4 0 0 0 0 0 0 0 0
496 10 0 0 4 1 0 2 0 0
497 2 0 0 0 0 0 2 0 0
499 6 0 0 0 0 0 0 0 0
500 2 1 1 2 0 0 0 0 0
503 4 0 0 0 0 0 0 0 0
504 8 0 0 4 1 0 0 0 0
506 4 0 0 0 0 0 0 0 0
515 24 1 1 8 0 0 4 0 0
529 2 1 1 1 0 0 1 0 0
531 1 0 0 1 0 0 0 0 0
532 8 0 0 7 0 0 0 0 0
fn=_dl_allocate_tls_storage
321 2 1 1 1 0 0 0 0 0
322 3 0 0 0 0 0 1 0 0
323 2 0 0 0 0 0 0 0 0
326 1 0 0 0 0 0 1 1 1
332 2 0 0 0 0 0 1 0 0
354 3 1 1 0 0 0 3 0 0
356 1 0 0 1 0 0 0 0 0
367 3 0 0 1 0 0 1 0 0
368 2 0 0 0 0 0 0 0 0
375 2 1 1 0 0 0 0 0 0
379 297 0 0 0 0 0 289 36 36
396 5 0 0 4 0 0 0 0 0
fn=_dl_count_modids
115 2 1 1 1 0 0 0 0 0
116 2 0 0 2 0 0 0 0 0
fn=_dl_determine_tlsoffset
138 7 1 1 0 0 0 6 0 0
144 3 0 0 1 0 0 0 0 0
147 2 0 0 1 0 0 0 0 0
183 14 0 0 3 1 1 0 0 0
185 12 1 1 1 0 0 0 0 0
187 8 0 0 2 0 0 0 0 0
188 2 1 1 2 0 0 0 0 0
190 6 1 1 0 0 0 0 0 0
192 14 0 0 2 0 0 0 0 0
208 12 0 0 0 0 0 0 0 0
210 8 0 0 0 0 0 0 0 0
220 2 1 1 0 0 0 2 0 0
223 4 0 0 0 0 0 1 0 0
224 1 0 0 0 0 0 1 0 0
275 1 1 1 0 0 0 1 0 0
276 8 0 0 7 0 0 0 0 0
fn=_dl_get_tls_static_info
346 2 0 0 1 0 0 1 1 1
347 3 0 0 2 0 0 1 0 0
fn=_dl_next_tls_modid
49 2 1 1 0 0 0 0 0 0
52 8 0 0 4 0 0 0 0 0
100 2 0 0 0 0 0 2 0 0
104 4 1 1 2 0 0 0 0 0
fl=/build/glibc-Cl5G7W/glibc-2.23/elf/dl-tsd.c
fn=__libc_dl_error_tsd
48 2 1 1 2 1 0 0 0 0
49 1 0 0 1 0 0 0 0 0
fl=/build/glibc-Cl5G7W/glibc-2.23/elf/dl-version.c
fn=_dl_check_all_versions
380 5 1 1 0 0 0 4 0 0
384 31 0 0 8 0 0 0 0 0
385 8 0 0 0 0 0 0 0 0
386 80 1 1 8 0 0 8 0 0
389 7 0 0 5 0 0 0 0 0
fn=_dl_check_map_versions
56 225 0 0 26 0 0 0 0 0
57 67 0 0 67 0 0 0 0 0
58 413 1 1 0 0 0 80 0 0
174 72 1 1 0 0 0 48 0 0
175 2 0 0 0 0 0 0 0 0
183 2 0 0 0 0 0 0 0 0
189 24 1 1 8 0 0 0 0 0
190 2 0 0 0 0 0 0 0 0
191 16 0 0 8 1 0 8 0 0
193 16 0 0 8 1 0 8 0 0
194 32 0 0 8 1 0 24 0 0
196 16 0 0 0 0 0 0 0 0
199 18 1 1 12 0 0 6 0 0
203 30 0 0 6 5 5 0 0 0
220 26 0 0 26 0 0 0 0 0
228 39 0 0 13 0 0 0 0 0
233 104 1 1 26 3 3 0 0 0
237 563 1 1 311 10 9 66 0 0
244 198 0 0 99 0 0 0 0 0
247 99 0 0 33 0 0 0 0 0
252 20 0 0 0 0 0 0 0 0
256 78 1 1 26 0 0 0 0 0
261 21 0 0 0 0 0 7 0 0
262 7 0 0 0 0 0 0 0 0
270 16 1 1 8 0 0 0 0 0
273 24 0 0 18 1 0 0 0 0
276 376 0 0 94 10 10 0 0 0
279 282 0 0 94 3 3 0 0 0
283 88 0 0 0 0 0 0 0 0
287 21 1 1 0 0 0 0 0 0
292 7 0 0 0 0 0 7 0 0
293 28 0 0 0 0 0 7 0 0
294 14 1 1 0 0 0 0 0 0
302 7 0 0 0 0 0 7 0 0
305 21 0 0 14 1 0 7 2 0
307 21 0 0 7 0 0 0 0 0
310 24 1 1 18 0 0 0 0 0
314 39 0 0 13 0 0 0 0 0
317 99 0 0 33 0 0 0 0 0
319 99 0 0 0 0 0 0 0 0
321 165 0 0 33 0 0 33 0 0
322 99 0 0 0 0 0 33 12 12
323 99 1 1 33 0 0 33 5 5
324 99 0 0 33 0 0 33 0 0
327 99 0 0 33 0 0 0 0 0
332 20 0 0 0 0 0 0 0 0
335 39 0 0 13 0 0 0 0 0
340 7 0 0 0 0 0 0 0 0
341 7 0 0 0 0 0 0 0 0
345 21 0 0 7 0 0 0 0 0
348 24 1 1 18 0 0 0 0 0
352 88 0 0 88 0 0 0 0 0
354 188 0 0 94 0 0 0 0 0
359 528 0 0 176 0 0 88 25 25
360 264 0 0 88 0 0 88 0 0
361 88 0 0 0 0 0 88 9 9
364 282 0 0 94 0 0 0 0 0
368 88 0 0 0 0 0 0 0 0
374 71 1 1 56 0 0 0 0 0
fn=match_symbol
76 429 2 2 0 0 0 264 0 0
77 66 0 0 66 0 0 0 0 0
85 66 0 0 33 0 0 0 0 0
91 99 0 0 33 0 0 0 0 0
106 33 1 1 33 1 0 0 0 0
107 66 0 0 0 0 0 0 0 0
109 33 0 0 33 0 0 0 0 0
114 586 0 0 293 24 24 0 0 0
128 586 0 0 293 6 6 0 0 0
133 231 1 1 66 1 0 33 0 0
140 780 0 0 260 9 9 0 0 0
144 260 0 0 0 0 0 0 0 0
168 264 0 0 231 0 0 0 0 0
fl=/build/glibc-Cl5G7W/glibc-2.23/elf/do-rel.h
fn=_dl_relocate_object
47 48 0 0 16 0 0 16 0 0
48 16 0 0 16 0 0 0 0 0
58 48 1 1 16 2 0 0 0 0
61 2948 0 0 0 0 0 0 0 0
63 3884 1 1 971 363 363 0 0 0
65 70 0 0 0 0 0 0 0 0
74 14 0 0 0 0 0 0 0 0
75 110 2 2 34 0 0 0 0 0
76 44 0 0 22 0 0 0 0 0
83 18 0 0 9 0 0 9 0 0
84 9 1 1 9 0 0 0 0 0
86 27 1 1 9 0 0 0 0 0
98 27 0 0 0 0 0 0 0 0
108 17 1 1 1 1 1 0 0 0
111 6029 1 1 0 0 0 0 0 0
112 4006 0 0 2003 0 0 0 0 0
118 27 0 0 9 8 0 0 0 0
121 16 0 0 8 4 0 8 0 0
124 9746 1 1 3249 2 0 7 2 0
127 12936 0 0 3234 812 808 0 0 0
129 16 0 0 0 0 0 0 0 0
136 12936 0 0 6468 1139 220 0 0 0
137 18993 0 0 3234 0 0 3234 2 0
138 3234 1 1 3234 3 0 0 0 0
139 6468 0 0 3234 0 0 0 0 0
143 14 0 0 0 0 0 0 0 0
160 27 3 3 9 0 0 3 0 0
162 24 0 0 6 1 1 0 0 0
170 36 1 1 6 0 0 6 0 0
171 12 0 0 12 0 0 0 0 0
174 2 0 0 0 0 0 0 0 0
fn=_dl_start
83 1 0 0 1 0 0 0 0 0
84 1 0 0 1 0 0 0 0 0
111 33 0 0 0 0 0 0 0 0
112 20 0 0 10 2 2 0 0 0
116 2 0 0 1 0 0 0 0 0
124 22 0 0 0 0 0 0 0 0
136 6 0 0 6 2 2 0 0 0
137 36 1 1 6 0 0 0 0 0
fl=/build/glibc-Cl5G7W/glibc-2.23/elf/get-dynamic-info.h
fn=_dl_map_object_from_fd
39 12 0 0 0 0 0 0 0 0
43 6 0 0 0 0 0 0 0 0
45 495 0 0 165 45 45 0 0 0
47 318 0 0 0 0 0 0 0 0
60 162 0 0 0 0 0 0 0 0
61 264 1 1 0 0 0 153 37 37
62 24 0 0 0 0 0 0 0 0
64 6 0 0 0 0 0 0 0 0
65 30 1 1 0 0 0 0 0 0
67 6 0 0 0 0 0 0 0 0
68 30 0 0 0 0 0 0 0 0
70 30 0 0 0 0 0 6 0 0
71 159 0 0 0 0 0 0 0 0
78 12 0 0 0 0 0 0 0 0
98 21 0 0 9 0 0 0 0 0
99 24 1 1 12 0 0 0 0 0
100 24 0 0 12 0 0 0 0 0
101 24 0 0 12 0 0 0 0 0
103 24 0 0 12 0 0 0 0 0
108 24 1 1 12 0 0 0 0 0
109 23 0 0 11 1 1 0 0 0
110 24 0 0 12 0 0 0 0 0
116 18 0 0 6 0 0 0 0 0
121 12 0 0 6 0 0 0 0 0
128 12 1 1 6 0 0 0 0 0
129 18 0 0 12 0 0 0 0 0
145 18 0 0 6 0 0 0 0 0
150 6 0 0 3 0 0 3 1 1
152 6 0 0 0 0 0 0 0 0
154 6 0 0 0 0 0 0 0 0
156 6 0 0 0 0 0 0 0 0
159 18 1 1 6 0 0 0 0 0
161 8 0 0 2 0 0 2 0 0
169 4 0 0 2 0 0 0 0 0
174 4 1 1 0 0 0 0 0 0
177 12 0 0 6 0 0 0 0 0
fn=_dl_start
45 57 1 1 19 6 6 0 0 0
47 36 0 0 0 0 0 0 0 0
48 26 0 0 0 0 0 13 4 4
60 21 0 0 0 0 0 0 0 0
61 18 2 2 0 0 0 4 3 3
62 4 1 1 0 0 0 0 0 0
64 1 0 0 0 0 0 0 0 0
65 5 1 1 0 0 0 0 0 0
67 2 0 0 0 0 0 0 0 0
68 5 1 1 0 0 0 0 0 0
70 6 0 0 0 0 0 1 1 1
71 18 0 0 0 0 0 0 0 0
78 2 0 0 0 0 0 0 0 0
98 4 0 0 2 0 0 0 0 0
99 4 0 0 2 0 0 0 0 0
100 4 1 1 2 0 0 0 0 0
101 4 0 0 2 0 0 0 0 0
103 4 0 0 2 0 0 0 0 0
108 4 0 0 2 0 0 0 0 0
109 4 1 1 2 0 0 0 0 0
110 4 0 0 2 0 0 0 0 0
116 3 0 0 1 0 0 0 0 0
121 2 0 0 1 0 0 0 0 0
128 3 0 0 1 0 0 0 0 0
129 3 1 1 2 0 0 0 0 0
137 3 0 0 1 0 0 0 0 0
139 3 0 0 1 0 0 0 0 0
142 2 1 1 1 0 0 0 0 0
143 2 0 0 1 0 0 0 0 0
fn=dl_main
30 1 0 0 1 0 0 0 0 0
39 2 0 0 0 0 0 0 0 0
43 1 0 0 0 0 0 0 0 0
45 81 0 0 27 8 8 0 0 0
47 52 0 0 0 0 0 0 0 0
60 17 0 0 0 0 0 0 0 0
61 36 0 0 0 0 0 25 6 6
62 4 1 1 0 0 0 0 0 0
64 1 0 0 0 0 0 0 0 0
65 5 1 1 0 0 0 0 0 0
67 1 1 1 0 0 0 0 0 0
68 5 1 1 0 0 0 0 0 0
70 5 0 0 0 0 0 1 0 0
71 26 0 0 0 0 0 0 0 0
78 3 0 0 1 0 0 0 0 0
116 3 1 1 1 0 0 0 0 0
121 2 0 0 1 0 0 0 0 0
128 2 0 0 1 0 0 0 0 0
129 3 1 1 2 0 0 0 0 0
145 3 0 0 1 0 0 0 0 0
159 3 1 1 1 0 0 0 0 0
177 2 1 1 1 0 0 0 0 0
fl=/build/glibc-Cl5G7W/glibc-2.23/elf/rtld.c
fn=_dl_initial_error_catch_tsd
664 34 0 0 17 0 0 0 0 0
fn=_dl_start
302 2 0 0 0 0 0 1 1 1
303 2 0 0 0 0 0 1 0 0
304 2 0 0 0 0 0 1 1 1
305 2 0 0 0 0 0 1 0 0
306 2 1 1 0 0 0 1 0 0
314 5 0 0 0 0 0 1 1 1
317 1 0 0 0 0 0 1 0 0
323 4 1 0 0 0 0 1 0 0
332 1 0 0 0 0 0 0 0 0
335 5 0 0 1 1 0 1 1 0
339 2 1 0 1 0 0 0 0 0
353 9 2 2 0 0 0 6 1 1
371 5 0 0 0 0 0 1 1 1
394 1 0 0 0 0 0 1 0 0
397 1 0 0 0 0 0 1 1 1
408 2 0 0 0 0 0 0 0 0
413 26 2 2 9 0 0 0 0 0
415 1 1 1 1 1 1 0 0 0
440 9 0 0 7 1 0 0 0 0
fn=dl_main
719 1 0 0 1 0 0 0 0 0
721 3 0 0 1 1 0 1 0 0
730 1 1 1 0 0 0 1 0 0
732 1 0 0 0 0 0 1 0 0
737 1 0 0 0 0 0 1 0 0
790 12 2 2 0 0 0 7 2 2
799 1 0 0 0 0 0 0 0 0
805 1 0 0 0 0 0 1 0 0
809 2 0 0 0 0 0 1 0 0
812 2 0 0 0 0 0 1 1 1
816 2 0 0 0 0 0 1 1 1
817 2 1 1 0 0 0 1 0 0
822 2 0 0 0 0 0 1 0 0
832 3 1 1 1 0 0 0 0 0
1033 8 1 1 0 0 0 1 0 0
1035 2 0 0 0 0 0 0 0 0
1036 1 0 0 0 0 0 1 0 0
1037 2 1 1 1 0 0 1 0 0
1038 2 0 0 1 0 0 1 0 0
1042 3 0 0 0 0 0 1 0 0
1043 3 0 0 1 0 0 0 0 0
1064 1 0 0 0 0 0 1 1 1
1065 1 1 1 0 0 0 1 0 0
1067 1 0 0 0 0 0 1 0 0
1069 1 0 0 1 0 0 0 0 0
1072 35 0 0 1 0 0 0 0 0
1073 71 1 1 9 5 5 0 0 0
1077 3 1 1 1 0 0 1 0 0
1078 1 0 0 0 0 0 0 0 0
1082 3 1 1 2 0 0 1 0 0
1083 1 0 0 0 0 0 0 0 0
1091 1 0 0 0 0 0 1 1 1
1092 2 0 0 2 1 1 0 0 0
1094 3 1 1 0 0 0 1 0 0
1101 2 0 0 1 0 0 0 0 0
1119 1 0 0 0 0 0 0 0 0
1127 8 0 0 2 0 0 0 0 0
1128 7 2 2 3 1 1 0 0 0
1129 4 1 1 2 0 0 0 0 0
1130 1 0 0 0 0 0 1 0 0
1133 4 0 0 2 1 1 0 0 0
1134 4 0 0 2 0 0 0 0 0
1135 2 0 0 0 0 0 2 0 0
1136 6 0 0 3 0 0 0 0 0
1137 2 0 0 0 0 0 1 0 0
1164 2 0 0 1 0 0 1 0 0
1165 1 0 0 0 0 0 0 0 0
1168 2 1 1 1 0 0 1 0 0
1169 2 0 0 1 0 0 1 0 0
1170 1 0 0 0 0 0 0 0 0
1175 5 1 1 3 1 1 0 0 0
1178 2 0 0 0 0 0 0 0 0
1180 2 0 0 0 0 0 0 0 0
1182 3 1 1 1 0 0 0 0 0
1195 3 0 0 1 0 0 0 0 0
1196 8 0 0 4 0 0 1 0 0
1201 1 0 0 0 0 0 1 0 0
1203 1 1 1 0 0 0 1 1 1
1204 1 0 0 0 0 0 1 0 0
1206 2 0 0 1 0 0 0 0 0
1207 2 0 0 0 0 0 1 0 0
1211 2 0 0 1 0 0 0 0 0
1213 2 1 1 0 0 0 0 0 0
1218 2 0 0 0 0 0 1 0 0
1221 2 0 0 1 0 0 0 0 0
1237 3 1 1 0 0 0 1 0 0
1243 9 1 1 1 0 0 2 0 0
1248 2 1 1 1 0 0 1 0 0
1251 4 1 1 1 0 0 1 0 0
1253 1 0 0 0 0 0 1 0 0
1258 2 0 0 1 0 0 0 0 0
1261 3 0 0 2 0 0 1 0 0
1262 4 1 1 1 0 0 1 0 0
1263 2 0 0 0 0 0 1 0 0
1264 1 0 0 0 0 0 1 0 0
1265 1 0 0 1 0 0 0 0 0
1266 1 0 0 1 0 0 0 0 0
1271 2 0 0 1 0 0 0 0 0
1272 5 0 0 1 0 0 1 0 0
1289 2 1 1 1 1 1 0 0 0
1290 2 0 0 1 0 0 0 0 0
1292 4 0 0 1 0 0 0 0 0
1294 2 1 1 0 0 0 1 0 0
1295 4 0 0 1 0 0 1 1 1
1300 3 0 0 0 0 0 0 0 0
1301 5 0 0 1 1 1 0 0 0
1303 2 0 0 1 0 0 1 1 1
1304 2 0 0 1 0 0 1 0 0
1309 2 1 1 1 0 0 0 0 0
1314 3 0 0 1 0 0 0 0 0
1491 2 0 0 0 0 0 2 0 0
1499 3 1 1 1 0 0 0 0 0
1502 1 0 0 0 0 0 1 0 0
1506 3 0 0 1 0 0 0 0 0
1511 1 0 0 0 0 0 1 0 0
1512 1 0 0 0 0 0 1 0 0
1513 1 0 0 0 0 0 0 0 0
1517 3 0 0 1 0 0 0 0 0
1532 3 1 1 2 0 0 0 0 0
1533 1 0 0 0 0 0 0 0 0
1534 1 0 0 0 0 0 0 0 0
1536 3 0 0 1 0 0 0 0 0
1538 5 0 0 0 0 0 0 0 0
1539 3 0 0 0 0 0 1 0 0
1540 1 0 0 0 0 0 0 0 0
1542 6 1 1 1 0 0 1 0 0
1552 5 0 0 0 0 0 1 0 0
1629 4 0 0 2 0 0 0 0 0
1633 8 1 1 0 0 0 0 0 0
1634 1 0 0 0 0 0 0 0 0
1637 3 0 0 0 0 0 1 0 0
1638 1 0 0 1 0 0 0 0 0
1639 2 0 0 0 0 0 0 0 0
1640 2 0 0 0 0 0 0 0 0
1646 5 1 1 0 0 0 0 0 0
1647 8 0 0 1 0 0 1 0 0
1648 1 0 0 0 0 0 0 0 0
1650 6 1 1 1 0 0 1 0 0
1653 21 0 0 2 0 0 0 0 0
1654 32 0 0 16 0 0 0 0 0
1657 3 1 1 2 0 0 1 0 0
1658 4 1 1 1 0 0 0 0 0
1659 1 0 0 0 0 0 1 0 0
1661 26 1 1 0 0 0 0 0 0
1662 23 0 0 8 0 0 0 0 0
1672 2 1 1 0 0 0 1 0 0
1674 2 1 1 1 0 0 1 0 0
1675 3 0 0 1 0 0 0 0 0
1677 2 0 0 0 0 0 1 0 0
1679 3 0 0 0 0 0 0 0 0
1681 3 0 0 1 1 0 0 0 0
1682 1 0 0 1 0 0 0 0 0
1695 2 1 1 0 0 0 0 0 0
1696 2 0 0 0 0 0 1 0 0
1697 3 0 0 1 0 0 0 0 0
1708 5 1 1 1 0 0 1 0 0
1709 1 0 0 0 0 0 1 0 0
1710 5 0 0 0 0 0 1 0 0
1720 2 0 0 1 0 0 1 0 0
1721 2 1 1 1 0 0 0 0 0
1722 2 0 0 0 0 0 2 0 0
1724 2 0 0 1 0 0 0 0 0
1729 3 0 0 1 0 0 0 0 0
1959 3 0 0 1 1 1 0 0 0
2015 2 1 1 0 0 0 1 0 0
2019 4 1 1 2 0 0 2 0 0
2023 2 0 0 1 0 0 1 0 0
2026 2 0 0 1 0 0 0 0 0
2080 3 1 1 1 0 0 0 0 0
2087 1 0 0 1 0 0 0 0 0
2089 7 1 1 1 0 0 1 0 0
2091 19 1 1 0 0 0 0 0 0
2093 24 0 0 16 3 0 0 0 0
2098 16 0 0 16 3 0 0 0 0
2100 18 0 0 0 0 0 0 0 0
2102 1 1 1 0 0 0 1 0 0
2103 1 0 0 1 0 0 0 0 0
2106 8 0 0 8 0 0 0 0 0
2108 17 0 0 0 0 0 0 0 0
2109 56 0 0 14 6 0 7 0 0
2113 28 0 0 10 4 0 0 0 0
2114 6 0 0 0 0 0 2 0 0
2116 1 0 0 0 0 0 0 0 0
2118 6 0 0 1 1 0 1 0 0
2124 2 0 0 1 0 0 0 0 0
2129 4 1 1 2 0 0 0 0 0
2131 1 0 0 1 0 0 0 0 0
2136 3 1 1 1 0 0 1 0 0
2139 2 0 0 1 0 0 0 0 0
2148 3 0 0 2 2 0 0 0 0
2150 2 1 1 1 0 0 0 0 0
2165 5 0 0 0 0 0 0 0 0
2167 1 0 0 1 0 0 0 0 0
2168 5 0 0 1 0 0 1 0 0
2169 1 0 0 0 0 0 0 0 0
2171 6 1 1 1 0 0 1 0 0
2179 1 0 0 0 0 0 1 0 0
2183 3 0 0 1 0 0 0 0 0
2203 4 0 0 0 0 0 1 0 0
2204 1 0 0 0 0 0 1 0 0
2205 1 0 0 0 0 0 1 0 0
2206 1 0 0 0 0 0 0 0 0
2210 1 1 1 0 0 0 1 0 0
2215 8 0 0 7 2 0 0 0 0
2383 2 0 0 1 0 0 1 1 1
2385 1 0 0 0 0 0 1 0 0
2386 1 0 0 0 0 0 0 0 0
2390 13 1 1 1 0 0 4 0 0
2392 15 0 0 3 0 0 3 1 1
2396 107 1 1 21 0 0 0 0 0
2397 19 0 0 0 0 0 0 0 0
2399 4 0 0 0 0 0 0 0 0
2405 14 1 1 2 1 1 0 0 0
2426 6 1 1 0 0 0 1 0 0
2433 6 2 2 0 0 0 1 0 0
2435 3 0 0 0 0 0 1 0 0
2480 3 1 1 1 0 0 0 0 0
2481 6 1 1 0 0 0 1 0 0
2483 3 1 1 0 0 0 1 1 1
2553 3 0 0 1 0 0 0 0 0
2583 3 0 0 1 0 0 0 0 0
fn=handle_ld_preload
108 3 1 1 1 0 0 0 0 0
672 1 0 0 0 0 0 1 0 0
676 1 0 0 0 0 0 1 0 0
677 2 1 1 1 0 0 1 0 0
678 1 0 0 0 0 0 1 0 0
680 1 0 0 1 0 0 0 0 0
682 13 0 0 3 0 0 4 0 0
683 3 0 0 1 0 0 0 0 0
696 3 0 0 1 0 0 0 0 0
757 9 1 1 0 0 0 7 1 1
758 1 0 0 0 0 0 0 0 0
762 6 1 1 2 0 0 0 0 0
766 2 0 0 0 0 0 0 0 0
768 6 1 1 0 0 0 1 0 0
769 2 0 0 0 0 0 1 0 0
776 4 0 0 0 0 0 0 0 0
779 2 0 0 1 0 0 0 0 0
780 1 0 0 0 0 0 0 0 0
783 9 1 1 7 0 0 0 0 0
fn=init_tls
589 2 1 1 0 0 0 1 0 0
591 2 0 0 1 0 0 1 0 0
595 2 0 0 1 1 0 0 0 0
604 1 1 1 0 0 0 1 0 0
605 4 0 0 0 0 0 1 0 0
610 1 0 0 0 0 0 0 0 0
611 2 0 0 0 0 0 1 0 0
612 1 0 0 0 0 0 1 0 0
616 2 0 0 1 1 1 0 0 0
617 1 0 0 0 0 0 0 0 0
618 19 1 1 1 0 0 0 0 0
619 16 0 0 8 0 0 0 0 0
620 16 0 0 8 6 0 0 0 0
624 6 0 0 0 0 0 2 0 0
626 2 0 0 0 0 0 0 0 0
628 3 0 0 0 0 0 0 0 0
631 1 1 1 0 0 0 1 0 0
638 2 0 0 0 0 0 1 0 0
639 2 0 0 0 0 0 0 0 0
645 2 1 1 1 0 0 1 0 0
648 7 0 0 0 0 0 2 0 0
651 1 1 0 0 0 0 1 0 0
653 1 0 0 0 0 0 0 0 0
654 2 0 0 2 0 0 0 0 0
fn=map_doit
496 2 1 1 0 0 0 1 0 0
498 1 0 0 1 0 0 0 0 0
499 9 0 0 2 0 0 2 0 0
501 2 0 0 2 0 0 0 0 0
fn=rtld_lock_default_lock_recursive
704 258 1 1 258 3 1 0 0 0
fn=rtld_lock_default_unlock_recursive
710 258 0 0 258 0 0 0 0 0
fn=version_check_doit
529 2 1 1 0 0 0 1 0 0
531 6 1 0 2 0 0 1 0 0
535 2 0 0 2 0 0 0 0 0
fl=/build/glibc-Cl5G7W/glibc-2.23/elf/setup-vdso.h
fn=dl_main
24 2 0 0 1 0 0 0 0 0
fl=/build/glibc-Cl5G7W/glibc-2.23/iconv/gconv_simple.c
fn=__gconv_btwoc_ascii
52 512 1 1 0 0 0 0 0 0
55 128 0 0 128 0 0 0 0 0
fl=/build/glibc-Cl5G7W/glibc-2.23/io/../sysdeps/unix/syscall-template.S
fn=access
84 28 1 1 0 0 0 0 0 0
86 35 0 0 7 0 0 7 0 0
fn=close
84 28 1 1 0 0 0 0 0 0
85 7 0 0 7 0 0 0 0 0
fn=open
84 60 1 1 0 0 0 0 0 0
85 7 0 0 7 0 0 0 0 0
86 40 0 0 8 0 0 8 0 0
fn=read
84 24 1 1 0 0 0 0 0 0
85 6 0 0 6 0 0 0 0 0
fl=/build/glibc-Cl5G7W/glibc-2.23/io/../sysdeps/unix/sysv/linux/wordsize-64/fxstat.c
fn=_fxstat
33 7 0 0 0 0 0 0 0 0
34 14 1 1 0 0 0 0 0 0
35 42 0 0 0 0 0 0 0 0
39 7 0 0 7 0 0 0 0 0
fl=/build/glibc-Cl5G7W/glibc-2.23/io/../sysdeps/unix/sysv/linux/wordsize-64/xstat.c
fn=_xstat
33 4 0 0 0 0 0 0 0 0
34 8 1 1 0 0 0 0 0 0
35 36 0 0 3 0 0 3 0 0
39 1 0 0 1 0 0 0 0 0
fl=/build/glibc-Cl5G7W/glibc-2.23/locale/newlocale.c
fn=newlocale
44 10 1 1 0 0 0 7 0 0
56 2 0 0 0 0 0 0 0 0
57 2 2 2 0 0 0 0 0 0
64 2 0 0 0 0 0 0 0 0
67 4 1 1 1 0 0 0 0 0
73 2 0 0 0 0 0 0 0 0
74 6 1 1 2 0 0 0 0 0
76 1 0 0 0 0 0 0 0 0
279 8 0 0 7 0 0 0 0 0
fl=/build/glibc-Cl5G7W/glibc-2.23/locale/uselocale.c
fn=uselocale
31 4 1 1 4 2 0 0 0 0
33 6 1 1 0 0 0 0 0 0
36 4 0 0 0 0 0 0 0 0
37 2 0 0 0 0 0 2 0 0
65 6 0 0 4 2 0 2 1 0
66 6 0 0 4 1 0 2 0 0
68 6 0 0 4 1 0 2 0 0
72 6 1 1 0 0 0 0 0 0
73 2 0 0 2 0 0 0 0 0
fl=/build/glibc-Cl5G7W/glibc-2.23/malloc/arena.c
fn=malloc_hook_ini
260 3 0 0 1 1 1 0 0 0
fn=ptmalloc_init.part.5
221 237 0 0 79 11 0 0 0 0
223 156 0 0 78 40 0 0 0 0
224 2 0 0 1 0 0 0 0 0
225 2 0 0 1 0 0 0 0 0
239 78 0 0 0 0 0 0 0 0
258 6 1 1 0 0 0 5 0 0
263 1 0 0 0 0 0 1 0 0
271 2 1 1 1 0 0 0 0 0
272 7 2 2 0 0 0 1 0 0
273 4 0 0 2 1 0 0 0 0
277 3 0 0 1 1 0 1 1 0
279 5 0 0 2 2 0 0 0 0
295 2 1 1 0 0 0 0 0 0
340 2 1 1 0 0 0 0 0 0
346 2 0 0 2 1 1 0 0 0
347 2 0 0 0 0 0 0 0 0
349 1 0 0 0 0 0 1 1 0
350 7 0 0 6 1 0 0 0 0
fn=sysmalloc
488 3 0 0 0 0 0 1 0 0
fl=/build/glibc-Cl5G7W/glibc-2.23/malloc/hooks.c
fn=malloc_hook_ini
29 4 1 1 0 0 0 2 0 0
30 2 1 1 1 0 0 1 0 0
33 4 0 0 3 1 0 0 0 0
fl=/build/glibc-Cl5G7W/glibc-2.23/malloc/malloc.c
fn=_int_malloc
1879 8 2 1 2 0 0 0 0 0
3319 14 0 0 0 0 0 12 0 0
3349 20 2 1 0 0 0 0 0 0
3353 6 2 1 0 0 0 2 0 0
3367 4 0 0 2 2 1 0 0 0
3404 4 2 1 0 0 0 0 0 0
3448 43 9 5 0 0 0 2 0 0
3449 4 0 0 2 0 0 0 0 0
3450 2 0 0 0 0 0 1 0 0
3469 10 2 1 2 1 0 0 0 0
3603 4 2 1 0 0 0 0 0 0
3605 8 2 1 2 0 0 0 0 0
3608 8 0 0 2 1 0 0 0 0
3676 4 0 0 2 0 0 0 0 0
3677 4 2 1 0 0 0 0 0 0
3678 4 0 0 0 0 0 0 0 0
3679 4 0 0 2 2 0 0 0 0
3680 4 0 0 0 0 0 0 0 0
3685 4 0 0 0 0 0 0 0 0
3689 6 2 1 0 0 0 0 0 0
3792 2 2 1 2 1 0 0 0 0
3793 4 0 0 2 1 0 0 0 0
3795 6 0 0 0 0 0 0 0 0
3812 4 0 0 2 0 0 0 0 0
3817 6 0 0 0 0 0 2 0 0
3819 52 3 2 0 0 0 20 0 0
3827 6 3 2 0 0 0 2 0 0
3828 4 0 0 0 0 0 0 0 0
3833 18 4 2 14 0 0 0 0 0
5002 6 0 0 0 0 0 4 0 0
5004 8 0 0 0 0 0 2 0 0
fn=malloc
2902 6 2 1 0 0 0 4 0 0
2907 4 0 0 4 3 0 0 0 0
2908 4 2 1 0 0 0 0 0 0
2909 2 1 1 1 0 0 0 0 0
2911 14 1 1 5 2 0 0 0 0
2913 4 1 1 0 0 0 1 0 0
2916 2 0 0 0 0 0 0 0 0
2924 4 0 0 2 0 0 0 0 0
2926 6 1 1 1 0 0 0 0 0
2929 7 0 0 5 0 0 0 0 0
fn=malloc_consolidate
1805 254 0 0 0 0 0 0 0 0
1808 381 0 0 0 0 0 254 32 32
1812 3 1 1 0 0 0 0 0 0
1816 3 1 1 1 0 0 1 0 0
1817 3 0 0 1 0 0 1 0 0
1819 1 0 0 0 0 0 1 1 1
4144 2 1 1 1 0 0 0 0 0
4996 4 1 1 0 0 0 0 0 0
fn=malloc_hook_ini
2908 2 0 0 0 0 0 0 0 0
2911 13 2 2 5 1 0 0 0 0
2913 4 1 1 0 0 0 1 0 0
2916 2 0 0 0 0 0 0 0 0
2923 2 1 1 1 1 0 1 0 0
2924 4 0 0 2 0 0 0 0 0
2926 11 1 1 1 0 0 0 0 0
fn=sysmalloc
2268 16 2 1 0 0 0 12 1 0
2288 4 0 0 4 2 0 0 0 0
2299 4 0 0 0 0 0 0 0 0
2300 8 2 1 2 1 0 1 1 0
2301 3 2 2 2 1 0 0 0 0
2315 9 0 0 0 0 0 2 0 0
2321 3 1 1 0 0 0 0 0 0
2323 7 1 1 0 0 0 1 0 0
2325 2 1 1 0 0 0 0 0 0
2340 3 1 1 0 0 0 0 0 0
2355 3 1 1 0 0 0 1 1 1
2360 3 0 0 2 0 0 0 0 0
2361 5 0 0 2 0 0 0 0 0
2364 3 0 0 2 0 0 0 0 0
2365 5 0 0 2 0 0 0 0 0
2380 1 0 0 1 0 0 0 0 0
2381 3 0 0 1 0 0 0 0 0
2382 1 1 1 0 0 0 0 0 0
2391 6 0 0 1 0 0 0 0 0
2397 4 0 0 0 0 0 1 1 0
2400 3 0 0 0 0 0 0 0 0
2455 4 0 0 1 0 0 0 0 0
2463 2 1 1 1 0 0 0 0 0
2464 1 0 0 0 0 0 0 0 0
2474 6 1 1 0 0 0 2 0 0
2482 2 0 0 0 0 0 0 0 0
2484 6 1 1 2 0 0 3 0 0
2485 1 0 0 0 0 0 0 0 0
2488 4 1 1 2 0 0 0 0 0
2491 2 0 0 2 1 0 0 0 0
2492 2 0 0 0 0 0 0 0 0
2512 2 0 0 0 0 0 0 0 0
2538 2 0 0 1 1 1 0 0 0
2539 5 1 1 0 0 0 2 0 0
2540 3 0 0 1 0 0 1 0 0
2546 2 1 1 0 0 0 0 0 0
2549 7 2 2 1 0 0 0 0 0
2586 2 0 0 0 0 0 0 0 0
2592 3 0 0 0 0 0 0 0 0
2611 1 0 0 0 0 0 0 0 0
2614 2 0 0 0 0 0 0 0 0
2615 6 1 1 2 0 0 0 0 0
2617 2 0 0 0 0 0 0 0 0
2618 3 0 0 2 0 0 1 0 0
2630 2 0 0 0 0 0 0 0 0
2638 3 1 1 3 0 0 0 0 0
2639 3 0 0 1 0 0 0 0 0
2677 1 0 0 0 0 0 1 0 0
2678 5 0 0 0 0 0 1 1 1
2679 2 0 0 0 0 0 1 0 0
2690 2 0 0 0 0 0 0 0 0
2723 2 1 1 1 0 0 0 0 0
2724 1 0 0 0 0 0 1 0 0
2732 4 0 0 2 0 0 0 0 0
2734 1 0 0 0 0 0 0 0 0
2735 1 0 0 0 0 0 0 0 0
2736 1 0 0 0 0 0 1 0 0
2737 8 1 1 0 0 0 1 0 0
2738 2 0 0 0 0 0 1 1 1
2740 1 0 0 0 0 0 0 0 0
2746 18 1 0 14 0 0 0 0 0
fl=/build/glibc-Cl5G7W/glibc-2.23/malloc/morecore.c
fn=__default_morecore
46 2 1 1 0 0 0 0 0 0
47 2 0 0 0 0 0 2 0 0
48 6 0 0 0 0 0 0 0 0
52 4 0 0 2 0 0 0 0 0
fl=/build/glibc-Cl5G7W/glibc-2.23/math/../sysdeps/x86_64/fpu/multiarch/e_asin.c
fn=__acos_finite
10 5 2 2 3 0 0 0 0 0
fn=__asin_finite
16 5 0 0 3 0 0 0 0 0
fl=/build/glibc-Cl5G7W/glibc-2.23/math/../sysdeps/x86_64/fpu/multiarch/e_atan2.c
fn=__atan2_finite
9 8 2 2 3 0 0 0 0 0
fl=/build/glibc-Cl5G7W/glibc-2.23/math/../sysdeps/x86_64/fpu/multiarch/e_exp.c
fn=__exp_finite
9 8 1 1 3 0 0 0 0 0
fl=/build/glibc-Cl5G7W/glibc-2.23/math/../sysdeps/x86_64/fpu/multiarch/e_log.c
fn=__log_finite
9 8 2 2 3 0 0 0 0 0
fl=/build/glibc-Cl5G7W/glibc-2.23/math/../sysdeps/x86_64/fpu/multiarch/e_pow.c
fn=__pow_finite
8 5 1 1 3 0 0 0 0 0
fl=/build/glibc-Cl5G7W/glibc-2.23/math/../sysdeps/x86_64/fpu/multiarch/s_ceil.S
fn=ceil
25 1 1 1 1 0 0 0 0 0
26 1 0 0 0 0 0 0 0 0
27 1 1 1 1 0 0 0 0 0
28 1 0 0 0 0 0 0 0 0
30 1 0 0 1 0 0 0 0 0
fl=/build/glibc-Cl5G7W/glibc-2.23/math/../sysdeps/x86_64/fpu/multiarch/s_ceilf.S
fn=ceilf
25 1 1 1 1 0 0 0 0 0
26 1 0 0 0 0 0 0 0 0
27 1 0 0 1 0 0 0 0 0
28 1 0 0 0 0 0 0 0 0
30 1 0 0 1 0 0 0 0 0
fl=/build/glibc-Cl5G7W/glibc-2.23/math/../sysdeps/x86_64/fpu/multiarch/s_floor.S
fn=floor
25 1 1 1 1 0 0 0 0 0
26 1 0 0 0 0 0 0 0 0
27 1 1 1 1 0 0 0 0 0
28 1 0 0 0 0 0 0 0 0
30 1 0 0 1 0 0 0 0 0
fl=/build/glibc-Cl5G7W/glibc-2.23/math/../sysdeps/x86_64/fpu/multiarch/s_floorf.S
fn=floorf
25 1 1 1 1 0 0 0 0 0
26 1 0 0 0 0 0 0 0 0
27 1 1 1 1 0 0 0 0 0
28 1 0 0 0 0 0 0 0 0
30 1 0 0 1 0 0 0 0 0
fl=/build/glibc-Cl5G7W/glibc-2.23/math/../sysdeps/x86_64/fpu/multiarch/s_rint.S
fn=rint
25 1 1 1 1 0 0 0 0 0
26 1 0 0 0 0 0 0 0 0
27 1 0 0 1 0 0 0 0 0
28 1 0 0 0 0 0 0 0 0
30 1 1 1 1 0 0 0 0 0
fl=/build/glibc-Cl5G7W/glibc-2.23/math/../sysdeps/x86_64/fpu/multiarch/s_rintf.S
fn=rintf
25 1 1 1 1 0 0 0 0 0
26 1 0 0 0 0 0 0 0 0
27 1 0 0 1 0 0 0 0 0
28 1 0 0 0 0 0 0 0 0
30 1 0 0 1 0 0 0 0 0
fl=/build/glibc-Cl5G7W/glibc-2.23/math/../sysdeps/x86_64/fpu/multiarch/s_sin.c
fn=cos
12 8 2 2 3 0 0 0 0 0
fn=sin
17 8 1 1 3 0 0 0 0 0
fl=/build/glibc-Cl5G7W/glibc-2.23/misc/../sysdeps/unix/syscall-template.S
fn=__syscall_clock_gettime
65 2 1 1 0 0 0 0 0 0
66 1 0 0 1 0 0 0 0 0
fn=mprotect
84 52 1 1 0 0 0 0 0 0
85 13 0 0 13 0 0 0 0 0
fn=munmap
84 4 1 1 0 0 0 0 0 0
85 1 0 0 1 0 0 0 0 0
fl=/build/glibc-Cl5G7W/glibc-2.23/misc/../sysdeps/unix/sysv/linux/wordsize-64/mmap.c
fn=mmap
32 220 0 0 0 0 0 132 4 4
33 126 4 4 6 0 0 0 0 0
34 220 0 0 0 0 0 0 0 0
36 154 0 0 154 0 0 0 0 0
fl=/build/glibc-Cl5G7W/glibc-2.23/misc/../sysdeps/unix/sysv/linux/x86_64/brk.c
fn=brk
31 16 1 1 2 0 0 2 0 0
33 4 0 0 0 0 0 0 0 0
39 2 0 0 0 0 0 0 0 0
40 2 0 0 2 0 0 0 0 0
fl=/build/glibc-Cl5G7W/glibc-2.23/misc/init-misc.c
fn=__init_misc
30 3 0 0 0 0 0 2 0 0
31 6 1 1 1 0 0 0 0 0
33 3 0 0 0 0 0 1 0 0
37 5 1 1 1 1 0 1 1 0
38 3 0 0 2 1 0 1 0 0
40 4 0 0 3 0 0 0 0 0
fl=/build/glibc-Cl5G7W/glibc-2.23/misc/sbrk.c
fn=sbrk
34 8 1 1 0 0 0 6 0 0
42 11 0 0 5 3 1 0 0 0
43 6 1 1 1 0 0 1 1 0
46 4 0 0 0 0 0 0 0 0
50 6 0 0 0 0 0 0 0 0
58 4 0 0 0 0 0 1 0 0
62 10 1 1 8 0 0 0 0 0
fl=/build/glibc-Cl5G7W/glibc-2.23/nptl/../include/list.h
fn=__pthread_initialize_minimal
60 2 0 0 0 0 0 1 0 0
61 1 1 1 0 0 0 1 0 0
62 1 0 0 0 0 0 1 0 0
64 1 0 0 0 0 0 1 0 0
fl=/build/glibc-Cl5G7W/glibc-2.23/nptl/../nptl/pthread_mutex_lock.c
fn=pthread_mutex_lock
64 1 1 1 0 0 0 0 0 0
67 3 0 0 1 0 0 0 0 0
69 1 0 0 0 0 0 0 0 0
71 3 0 0 0 0 0 0 0 0
75 3 0 0 0 0 0 0 0 0
84 2 1 1 0 0 0 0 0 0
95 4 0 0 0 0 0 0 0 0
99 1 0 0 1 0 0 0 0 0
102 2 0 0 1 0 0 0 0 0
115 4 0 0 1 0 0 0 0 0
117 3 1 1 1 0 0 0 0 0
118 2 0 0 0 0 0 1 0 0
156 1 1 1 1 0 0 0 0 0
159 1 0 0 0 0 0 1 0 0
161 1 0 0 1 0 0 0 0 0
164 1 0 0 0 0 0 0 0 0
166 1 0 0 0 0 0 0 0 0
167 2 0 0 1 0 0 0 0 0
fl=/build/glibc-Cl5G7W/glibc-2.23/nptl/../sysdeps/unix/sysv/linux/bits/sigset.h
fn=__pthread_initialize_minimal
117 2 0 0 1 0 0 0 0 0
fl=/build/glibc-Cl5G7W/glibc-2.23/nptl/../sysdeps/unix/sysv/linux/futex-internal.h
fn=__pthread_once_slow
61 2 0 0 0 0 0 0 0 0
231 16 2 1 0 0 0 0 0 0
fl=/build/glibc-Cl5G7W/glibc-2.23/nptl/../sysdeps/unix/sysv/linux/pthread-pids.h
fn=__pthread_initialize_minimal
29 5 0 0 0 0 0 2 1 0
fl=/build/glibc-Cl5G7W/glibc-2.23/nptl/../sysdeps/unix/sysv/linux/x86/elision-conf.c
fn=elision_init
65 6 1 1 2 1 0 1 1 1
69 1 0 0 0 0 0 0 0 0
70 2 1 1 1 0 0 1 0 0
fl=/build/glibc-Cl5G7W/glibc-2.23/nptl/../sysdeps/unix/sysv/linux/x86_64/sigaction.c
fn=__libc_sigaction
47 4 1 1 0 0 0 0 0 0
51 4 0 0 0 0 0 0 0 0
53 4 0 0 2 0 0 2 0 0
54 66 3 3 32 0 0 32 0 0
55 8 0 0 2 0 0 2 0 0
57 4 0 0 0 0 0 2 0 0
62 26 2 2 0 0 0 0 0 0
65 4 0 0 0 0 0 0 0 0
73 4 2 2 2 0 0 0 0 0
fl=/build/glibc-Cl5G7W/glibc-2.23/nptl/cleanup_compat.c
fn=_pthread_cleanup_pop
43 4 0 0 2 0 0 2 1 0
47 6 1 1 2 0 0 0 0 0
fn=_pthread_cleanup_push
29 2 1 1 0 0 0 2 0 0
30 2 0 0 0 0 0 2 0 0
31 4 0 0 2 0 0 2 0 0
33 4 0 0 2 0 0 2 0 0
fl=/build/glibc-Cl5G7W/glibc-2.23/nptl/libc_pthread_init.c
fn=__libc_pthread_init
44 2 1 1 0 0 0 1 0 0
46 1 0 0 0 0 0 1 1 1
49 6 1 1 0 0 0 1 0 0
68 164 0 0 0 0 0 0 0 0
71 162 0 0 108 8 0 0 0 0
72 54 0 0 0 0 0 54 6 6
74 1 0 0 0 0 0 1 0 0
80 3 0 0 2 0 0 0 0 0
fl=/build/glibc-Cl5G7W/glibc-2.23/nptl/nptl-init.c
fn=__pthread_initialize_minimal
301 4 1 1 0 0 0 3 0 0
315 1 0 0 1 0 0 0 0 0
317 2 0 0 0 0 0 1 1 0
318 1 1 1 0 0 0 1 1 0
322 3 0 0 2 1 0 1 0 0
328 2 1 1 0 0 0 1 0 0
330 1 0 0 0 0 0 1 0 0
332 1 0 0 0 0 0 1 0 0
336 3 0 0 0 0 0 0 0 0
384 3 0 0 2 2 0 1 1 0
387 2 0 0 0 0 0 1 1 1
388 1 0 0 0 0 0 0 0 0
392 2 0 0 1 1 0 1 0 0
396 22 0 0 0 0 0 16 0 0
402 2 0 0 0 0 0 1 0 0
403 1 1 1 0 0 0 1 0 0
404 4 0 0 0 0 0 1 1 0
409 2 1 1 0 0 0 1 0 0
410 1 0 0 0 0 0 1 0 0
411 4 0 0 0 0 0 1 0 0
425 6 0 0 0 0 0 0 0 0
433 3 0 0 0 0 0 1 0 0
436 3 1 1 1 0 0 0 0 0
438 3 1 1 0 0 0 1 1 1
440 6 1 1 1 0 0 1 0 0
445 5 0 0 0 0 0 1 0 0
446 3 0 0 1 0 0 0 0 0
450 1 0 0 0 0 0 0 0 0
453 3 0 0 0 0 0 0 0 0
457 2 1 1 2 0 0 0 0 0
463 10 0 0 1 0 0 1 0 0
464 4 1 1 1 0 0 0 0 0
465 2 0 0 1 0 0 1 0 0
466 1 0 0 0 0 0 1 1 1
467 2 0 0 2 0 0 0 0 0
471 5 1 1 2 0 0 3 0 0
472 2 0 0 1 0 0 1 0 0
476 2 0 0 0 0 0 1 0 0
477 2 0 0 0 0 0 1 0 0
478 1 0 0 1 1 0 0 0 0
479 1 1 1 0 0 0 1 0 0
480 2 0 0 0 0 0 0 0 0
481 1 0 0 0 0 0 0 0 0
483 2 1 1 0 0 0 1 0 0
486 2 0 0 0 0 0 1 0 0
488 2 0 0 0 0 0 1 0 0
492 1 0 0 0 0 0 1 0 0
494 4 0 0 0 0 0 1 0 0
498 1 0 0 0 0 0 1 0 0
499 5 0 0 4 0 0 0 0 0
fl=/build/glibc-Cl5G7W/glibc-2.23/nptl/pthread_mutex_unlock.c
fn=pthread_mutex_unlock
39 3 1 1 1 1 0 0 0 0
40 3 0 0 0 0 0 0 0 0
44 2 0 0 0 0 0 0 0 0
49 1 0 0 0 0 0 1 0 0
52 1 0 0 1 0 0 0 0 0
55 3 0 0 2 0 0 0 0 0
57 1 0 0 0 0 0 0 0 0
61 2 1 1 0 0 0 0 0 0
67 4 0 0 0 0 0 0 0 0
71 3 1 1 2 1 0 0 0 0
74 2 0 0 1 0 0 0 0 0
313 1 0 0 0 0 0 0 0 0
315 2 0 0 1 0 0 0 0 0
fl=/build/glibc-Cl5G7W/glibc-2.23/nptl/pthread_once.c
fn=__pthread_once_slow
68 14 2 2 0 0 0 6 0 0
76 4 0 0 2 0 0 2 0 0
80 4 0 0 0 0 0 0 0 0
88 4 0 0 2 1 0 0 0 0
92 6 0 0 4 0 0 0 0 0
96 2 0 0 2 0 0 0 0 0
101 4 0 0 0 0 0 0 0 0
114 10 1 1 0 0 0 2 0 0
116 2 0 0 0 0 0 2 0 0
118 6 0 0 0 0 0 2 0 0
124 2 0 0 0 0 0 2 0 0
132 12 0 0 8 0 0 0 0 0
fn=pthread_once
139 36 1 1 36 1 1 0 0 0
140 72 0 0 0 0 0 0 0 0
143 2 0 0 0 0 0 0 0 0
144 68 0 0 34 0 0 0 0 0
fl=/build/glibc-Cl5G7W/glibc-2.23/nptl/register-atfork.c
fn=__register_atfork
46 2 0 0 0 0 0 0 0 0
53 2 0 0 0 0 0 0 0 0
54 3 1 1 1 1 1 0 0 0
73 3 0 0 0 0 0 0 0 0
74 1 0 0 0 0 0 1 0 0
75 1 0 0 0 0 0 1 0 0
85 7 1 1 0 0 0 3 0 0
87 6 1 1 2 2 2 0 0 0
91 3 0 0 0 0 0 0 0 0
94 1 0 0 0 0 0 1 0 0
95 1 0 0 0 0 0 1 0 0
96 1 0 0 0 0 0 1 0 0
97 2 0 0 0 0 0 1 0 0
103 4 1 1 2 0 0 0 0 0
105 3 0 0 0 0 0 0 0 0
106 5 0 0 4 0 0 0 0 0
115 2 1 1 1 0 0 1 0 0
116 6 0 0 2 0 0 0 0 0
fl=/build/glibc-Cl5G7W/glibc-2.23/posix/../sysdeps/unix/syscall-template.S
fn=uname
84 4 1 1 0 0 0 0 0 0
85 1 0 0 1 0 0 0 0 0
fl=/build/glibc-Cl5G7W/glibc-2.23/resource/../sysdeps/unix/syscall-template.S
fn=getrlimit
84 4 1 1 0 0 0 0 0 0
85 1 0 0 1 0 0 0 0 0
fl=/build/glibc-Cl5G7W/glibc-2.23/rt/../sysdeps/unix/clock_gettime.c
fn=clock_gettime
93 5 1 1 0 0 0 2 0 0
115 8 0 0 2 1 0 1 0 0
134 4 1 1 3 0 0 0 0 0
fl=/build/glibc-Cl5G7W/glibc-2.23/setjmp/../sysdeps/x86_64/bsd-_setjmp.S
fn=_setjmp
30 1 1 1 0 0 0 0 0 0
32 1 0 0 0 0 0 0 0 0
fl=/build/glibc-Cl5G7W/glibc-2.23/setjmp/../sysdeps/x86_64/setjmp.S
fn=__sigsetjmp
26 16 2 2 0 0 0 16 1 0
35 16 0 0 0 0 0 0 0 0
36 32 1 1 16 0 0 0 0 0
37 16 0 0 0 0 0 16 0 0
41 16 0 0 0 0 0 16 2 2
42 16 0 0 0 0 0 16 0 0
43 16 0 0 0 0 0 16 1 0
44 16 0 0 0 0 0 16 0 0
45 16 0 0 0 0 0 0 0 0
47 32 1 1 16 0 0 0 0 0
49 16 0 0 0 0 0 16 0 0
50 16 0 0 16 0 0 0 0 0
51 16 0 0 0 0 0 0 0 0
53 32 0 0 16 0 0 0 0 0
55 16 1 1 0 0 0 16 0 0
59 15 0 0 0 0 0 0 0 0
60 15 0 0 15 0 0 0 0 0
64 1 0 0 0 0 0 0 0 0
fl=/build/glibc-Cl5G7W/glibc-2.23/setjmp/sigjmp.c
fn=__sigjmp_save
28 3 0 0 0 0 0 1 0 0
29 3 0 0 0 0 0 1 0 0
34 3 0 0 2 0 0 0 0 0
fl=/build/glibc-Cl5G7W/glibc-2.23/stdlib/cxa_atexit.c
fn=__cxa_atexit
35 16 0 0 0 0 0 8 0 0
37 16 0 0 0 0 0 0 0 0
41 24 0 0 8 1 0 0 0 0
43 8 0 0 0 0 0 8 0 0
44 8 0 0 0 0 0 8 4 0
45 8 0 0 0 0 0 8 0 0
47 8 1 1 0 0 0 8 0 0
48 8 0 0 0 0 0 0 0 0
57 48 2 1 0 0 0 24 0 0
59 32 0 0 32 0 0 0 0 0
fn=__new_exitfn
73 32 2 1 0 0 0 16 0 0
79 48 1 1 16 4 1 0 0 0
81 51 1 1 9 3 0 0 0 0
83 38 1 1 8 3 0 0 0 0
84 35 0 0 7 2 0 0 0 0
91 2 0 0 0 0 0 1 0 0
94 14 0 0 0 0 0 0 0 0
112 1 1 1 0 0 0 0 0 0
113 2 1 1 0 0 0 1 0 0
119 21 0 0 0 0 0 0 0 0
120 14 0 0 0 0 0 7 0 0
126 8 1 1 0 0 0 8 1 0
127 8 0 0 8 3 1 0 0 0
130 32 0 0 16 0 0 0 0 0
133 40 0 0 24 0 0 0 0 0
fl=/build/glibc-Cl5G7W/glibc-2.23/string/../bits/stdlib-bsearch.h
fn=intel_check_word
27 8 0 0 0 0 0 0 0 0
28 16 0 0 0 0 0 0 0 0
29 112 0 0 0 0 0 0 0 0
31 152 0 0 0 0 0 0 0 0
32 54 0 0 0 0 0 0 0 0
37 10 1 1 0 0 0 0 0 0
fl=/build/glibc-Cl5G7W/glibc-2.23/string/../string/memmove.c
fn=memmove
45 12 1 1 0 0 0 8 0 0
51 8 0 0 0 0 0 0 0 0
59 8 1 1 0 0 0 0 0 0
81 60 2 2 10 0 0 10 0 0
112 14 0 0 10 0 0 0 0 0
fl=/build/glibc-Cl5G7W/glibc-2.23/string/../sysdeps/x86_64/cacheinfo.c
fn=handle_intel
261 16 0 0 0 0 0 12 0 0
262 4 1 1 0 0 0 0 0 0
273 6 0 0 0 0 0 2 0 0
275 2 1 1 0 0 0 2 0 0
276 4 0 0 0 0 0 2 0 0
278 2 0 0 0 0 0 0 0 0
284 10 1 1 0 0 0 2 0 0
289 4 0 0 0 0 0 0 0 0
291 6 0 0 0 0 0 2 0 0
292 2 0 0 0 0 0 0 0 0
296 8 0 0 0 0 0 2 0 0
297 4 0 0 0 0 0 0 0 0
300 10 1 1 0 0 0 2 0 0
301 4 0 0 0 0 0 0 0 0
318 16 1 1 14 0 0 0 0 0
fn=init_cacheinfo
482 5 1 1 0 0 0 5 0 0
494 4 0 0 2 0 0 0 0 0
496 5 0 0 1 0 0 1 0 0
499 1 0 0 0 0 0 0 0 0
500 4 1 1 0 0 0 1 0 0
502 2 0 0 0 0 0 0 0 0
511 2 0 0 0 0 0 0 0 0
513 1 0 0 1 0 0 0 0 0
514 1 0 0 1 0 0 0 0 0
516 1 0 0 0 0 0 0 0 0
521 18 1 1 0 0 0 0 0 0
527 8 0 0 0 0 0 0 0 0
530 20 0 0 0 0 0 0 0 0
532 1 1 1 0 0 0 0 0 0
538 6 0 0 0 0 0 0 0 0
545 11 1 1 0 0 0 0 0 0
547 2 0 0 0 0 0 0 0 0
548 2 0 0 0 0 0 0 0 0
549 8 0 0 0 0 0 0 0 0
551 4 0 0 0 0 0 0 0 0
556 1 0 0 0 0 0 0 0 0
558 3 0 0 0 0 0 0 0 0
559 4 0 0 0 0 0 0 0 0
564 2 0 0 0 0 0 0 0 0
565 6 1 1 0 0 0 0 0 0
596 4 0 0 0 0 0 0 0 0
597 5 0 0 0 0 0 0 0 0
652 2 0 0 0 0 0 0 0 0
654 3 1 1 0 0 0 1 0 0
655 1 0 0 0 0 0 1 1 1
657 1 0 0 0 0 0 0 0 0
658 3 0 0 0 0 0 1 0 0
659 1 0 0 0 0 0 1 0 0
662 2 0 0 0 0 0 0 0 0
664 3 0 0 0 0 0 1 0 0
665 1 0 0 0 0 0 1 0 0
667 1 1 1 0 0 0 0 0 0
668 3 0 0 0 0 0 1 0 0
669 1 0 0 0 0 0 1 0 0
671 6 0 0 6 0 0 0 0 0
fn=intel_check_word
121 108 0 0 54 6 6 0 0 0
124 54 1 1 0 0 0 0 0 0
132 24 0 0 0 0 0 16 0 0
133 8 1 1 0 0 0 0 0 0
135 2 0 0 0 0 0 0 0 0
139 28 1 1 0 0 0 0 0 0
141 24 0 0 0 0 0 0 0 0
143 10 0 0 0 0 0 0 0 0
145 20 0 0 0 0 0 0 0 0
153 20 1 1 0 0 0 0 0 0
165 17 1 1 0 0 0 0 0 0
168 15 0 0 0 0 0 0 0 0
172 10 1 1 0 0 0 0 0 0
174 10 0 0 0 0 0 0 0 0
175 26 0 0 0 0 0 0 0 0
177 21 0 0 0 0 0 0 0 0
178 10 0 0 0 0 0 0 0 0
179 10 0 0 0 0 0 0 0 0
180 6 0 0 0 0 0 0 0 0
182 2 1 1 0 0 0 0 0 0
184 4 0 0 0 0 0 0 0 0
186 32 2 2 0 0 0 0 0 0
197 3 0 0 0 0 0 0 0 0
204 16 0 0 0 0 0 0 0 0
209 8 0 0 4 0 0 0 0 0
212 24 0 0 8 0 0 0 0 0
226 8 0 0 0 0 0 0 0 0
251 8 0 0 0 0 0 0 0 0
256 24 0 0 20 0 0 0 0 0
fl=/build/glibc-Cl5G7W/glibc-2.23/string/../sysdeps/x86_64/memcpy.S
fn=mempcpy
61 34 1 1 0 0 0 0 0 0
65 34 0 0 0 0 0 0 0 0
68 32 0 0 0 0 0 0 0 0
69 32 0 0 0 0 0 0 0 0
71 10 0 0 10 2 2 0 0 0
72 10 0 0 0 0 0 10 2 2
74 10 1 1 0 0 0 0 0 0
75 10 0 0 0 0 0 0 0 0
80 32 0 0 0 0 0 0 0 0
81 32 0 0 0 0 0 0 0 0
83 19 0 0 19 0 0 0 0 0
84 19 0 0 0 0 0 19 1 1
86 19 0 0 0 0 0 0 0 0
87 19 0 0 0 0 0 0 0 0
92 32 0 0 0 0 0 0 0 0
93 32 0 0 0 0 0 0 0 0
95 11 0 0 11 0 0 0 0 0
96 11 0 0 0 0 0 11 0 0
98 11 0 0 0 0 0 0 0 0
99 11 0 0 0 0 0 0 0 0
104 32 0 0 0 0 0 0 0 0
105 32 0 0 0 0 0 0 0 0
107 15 0 0 15 0 0 0 0 0
108 15 0 0 0 0 0 15 0 0
110 15 0 0 0 0 0 0 0 0
111 30 0 0 0 0 0 0 0 0
116 32 1 1 0 0 0 0 0 0
117 41 0 0 0 0 0 0 0 0
122 9 0 0 9 1 0 0 0 0
123 9 0 0 9 0 0 0 0 0
124 9 0 0 0 0 0 9 2 2
125 9 0 0 0 0 0 9 1 1
127 9 0 0 0 0 0 0 0 0
129 9 0 0 0 0 0 0 0 0
130 9 0 0 0 0 0 0 0 0
132 9 0 0 0 0 0 0 0 0
138 32 0 0 0 0 0 0 0 0
142 32 0 0 32 0 0 0 0 0
154 6 0 0 0 0 0 0 0 0
156 6 0 0 0 0 0 0 0 0
157 6 0 0 0 0 0 0 0 0
183 6 1 1 0 0 0 0 0 0
184 6 0 0 0 0 0 0 0 0
187 6 0 0 0 0 0 0 0 0
188 6 0 0 0 0 0 0 0 0
189 6 0 0 0 0 0 0 0 0
194 6 0 0 0 0 0 0 0 0
196 6 0 0 6 0 0 0 0 0
197 6 0 0 6 0 0 0 0 0
198 6 0 0 6 0 0 0 0 0
199 6 1 1 6 0 0 0 0 0
201 6 0 0 0 0 0 6 0 0
202 6 0 0 0 0 0 6 0 0
203 6 0 0 0 0 0 6 1 1
204 6 0 0 0 0 0 6 1 1
206 6 0 0 0 0 0 0 0 0
207 6 0 0 0 0 0 0 0 0
209 6 0 0 0 0 0 0 0 0
231 6 1 1 0 0 0 0 0 0
233 6 0 0 0 0 0 0 0 0
235 2 0 0 0 0 0 0 0 0
242 2 0 0 2 0 0 0 0 0
fl=/build/glibc-Cl5G7W/glibc-2.23/string/../sysdeps/x86_64/multiarch/../memcmp.S
fn=__GI_memcmp
24 49 1 1 0 0 0 0 0 0
25 49 0 0 0 0 0 0 0 0
26 49 0 0 0 0 0 0 0 0
27 49 1 1 0 0 0 0 0 0
28 49 0 0 0 0 0 0 0 0
29 49 0 0 0 0 0 0 0 0
30 49 0 0 0 0 0 0 0 0
31 49 0 0 0 0 0 0 0 0
34 49 0 0 0 0 0 0 0 0
35 49 0 0 0 0 0 0 0 0
36 48 0 0 48 0 0 0 0 0
37 48 0 0 48 0 0 0 0 0
38 48 0 0 0 0 0 0 0 0
39 48 0 0 0 0 0 0 0 0
40 48 0 0 0 0 0 0 0 0
41 48 0 0 0 0 0 0 0 0
42 48 0 0 0 0 0 0 0 0
44 11 0 0 0 0 0 0 0 0
45 11 1 1 0 0 0 0 0 0
46 1 0 0 1 0 0 0 0 0
47 1 0 0 1 0 0 0 0 0
48 1 0 0 0 0 0 0 0 0
49 1 0 0 0 0 0 0 0 0
50 1 0 0 0 0 0 0 0 0
51 1 0 0 0 0 0 0 0 0
52 1 0 0 0 0 0 0 0 0
54 11 0 0 0 0 0 0 0 0
55 11 0 0 0 0 0 0 0 0
56 11 0 0 11 0 0 0 0 0
57 11 0 0 11 0 0 0 0 0
58 11 0 0 0 0 0 0 0 0
59 11 0 0 0 0 0 0 0 0
94 38 0 0 38 0 0 0 0 0
98 11 1 1 0 0 0 0 0 0
99 11 0 0 0 0 0 0 0 0
100 1 0 0 0 0 0 0 0 0
101 1 0 0 0 0 0 0 0 0
102 1 0 0 0 0 0 0 0 0
103 1 0 0 0 0 0 0 0 0
104 1 0 0 0 0 0 0 0 0
105 1 0 0 0 0 0 0 0 0
106 1 0 0 0 0 0 0 0 0
107 1 0 0 0 0 0 0 0 0
108 1 0 0 0 0 0 0 0 0
109 1 0 0 0 0 0 0 0 0
110 1 0 0 1 0 0 0 0 0
114 10 0 0 0 0 0 0 0 0
115 10 0 0 10 0 0 0 0 0
fn=bcmp
24 31 1 1 0 0 0 0 0 0
25 31 0 0 0 0 0 0 0 0
26 31 0 0 0 0 0 0 0 0
27 31 0 0 0 0 0 0 0 0
28 31 0 0 0 0 0 0 0 0
29 31 0 0 0 0 0 0 0 0
30 31 0 0 0 0 0 0 0 0
31 31 1 1 0 0 0 0 0 0
34 31 0 0 0 0 0 0 0 0
35 31 0 0 0 0 0 0 0 0
36 9 0 0 9 1 1 0 0 0
37 9 0 0 9 3 3 0 0 0
38 9 0 0 0 0 0 0 0 0
39 9 0 0 0 0 0 0 0 0
40 9 0 0 0 0 0 0 0 0
41 9 0 0 0 0 0 0 0 0
42 9 0 0 0 0 0 0 0 0
44 30 0 0 0 0 0 0 0 0
45 30 0 0 0 0 0 0 0 0
46 10 0 0 10 0 0 0 0 0
47 10 0 0 10 0 0 0 0 0
48 10 0 0 0 0 0 0 0 0
49 10 0 0 0 0 0 0 0 0
50 10 0 0 0 0 0 0 0 0
51 10 0 0 0 0 0 0 0 0
52 10 0 0 0 0 0 0 0 0
54 30 1 1 0 0 0 0 0 0
55 30 0 0 0 0 0 0 0 0
56 9 0 0 9 1 1 0 0 0
57 9 0 0 9 1 1 0 0 0
58 9 0 0 0 0 0 0 0 0
59 9 0 0 0 0 0 0 0 0
60 2 0 0 0 0 0 0 0 0
61 2 0 0 0 0 0 0 0 0
62 2 0 0 0 0 0 0 0 0
64 23 0 0 0 0 0 0 0 0
65 23 0 0 0 0 0 0 0 0
66 13 0 0 13 0 0 0 0 0
67 13 0 0 13 2 2 0 0 0
68 13 0 0 0 0 0 0 0 0
69 13 0 0 0 0 0 0 0 0
70 2 0 0 0 0 0 0 0 0
71 2 0 0 0 0 0 0 0 0
72 2 0 0 0 0 0 0 0 0
74 11 0 0 11 2 2 0 0 0
75 11 0 0 11 0 0 0 0 0
76 11 0 0 0 0 0 0 0 0
77 11 0 0 0 0 0 0 0 0
78 11 0 0 0 0 0 0 0 0
79 11 0 0 0 0 0 0 0 0
80 11 0 0 0 0 0 0 0 0
81 6 0 0 0 0 0 0 0 0
82 6 0 0 0 0 0 0 0 0
83 6 0 0 6 0 0 0 0 0
84 6 0 0 6 0 0 0 0 0
85 6 0 0 0 0 0 0 0 0
92 6 0 0 0 0 0 0 0 0
94 7 0 0 7 0 0 0 0 0
98 19 1 1 0 0 0 0 0 0
99 19 0 0 0 0 0 0 0 0
100 4 0 0 0 0 0 0 0 0
101 4 0 0 0 0 0 0 0 0
102 4 0 0 0 0 0 0 0 0
103 4 0 0 0 0 0 0 0 0
104 4 0 0 0 0 0 0 0 0
105 4 0 0 0 0 0 0 0 0
106 4 0 0 0 0 0 0 0 0
107 4 0 0 0 0 0 0 0 0
108 4 0 0 0 0 0 0 0 0
109 4 0 0 0 0 0 0 0 0
110 4 0 0 4 0 0 0 0 0
114 20 1 1 0 0 0 0 0 0
115 20 0 0 20 0 0 0 0 0
fl=/build/glibc-Cl5G7W/glibc-2.23/string/../sysdeps/x86_64/multiarch/../memcpy.S
fn=memcpy
61 36 1 1 0 0 0 0 0 0
63 36 0 0 0 0 0 0 0 0
65 36 0 0 0 0 0 0 0 0
68 33 0 0 0 0 0 0 0 0
69 33 0 0 0 0 0 0 0 0
71 8 0 0 8 0 0 0 0 0
72 8 0 0 0 0 0 8 2 2
74 8 0 0 0 0 0 0 0 0
75 8 0 0 0 0 0 0 0 0
80 33 0 0 0 0 0 0 0 0
81 33 0 0 0 0 0 0 0 0
83 12 0 0 12 0 0 0 0 0
84 12 0 0 0 0 0 12 4 4
86 12 0 0 0 0 0 0 0 0
87 24 0 0 0 0 0 0 0 0
92 33 1 1 0 0 0 0 0 0
93 33 0 0 0 0 0 0 0 0
95 7 0 0 7 0 0 0 0 0
96 7 0 0 0 0 0 7 0 0
98 7 0 0 0 0 0 0 0 0
99 7 0 0 0 0 0 0 0 0
104 33 0 0 0 0 0 0 0 0
105 33 0 0 0 0 0 0 0 0
107 18 0 0 18 0 0 0 0 0
108 18 0 0 0 0 0 18 0 0
110 18 0 0 0 0 0 0 0 0
111 18 0 0 0 0 0 0 0 0
116 33 0 0 0 0 0 0 0 0
117 51 0 0 0 0 0 0 0 0
122 18 0 0 18 1 1 0 0 0
123 18 0 0 18 0 0 0 0 0
124 18 0 0 0 0 0 18 2 2
125 18 0 0 0 0 0 18 4 4
127 18 0 0 0 0 0 0 0 0
129 18 0 0 0 0 0 0 0 0
130 18 0 0 0 0 0 0 0 0
132 18 0 0 0 0 0 0 0 0
140 33 1 1 33 0 0 0 0 0
148 18 0 0 0 0 0 18 0 0
154 18 0 0 0 0 0 0 0 0
156 18 0 0 0 0 0 0 0 0
157 18 0 0 0 0 0 0 0 0
160 6 0 0 0 0 0 0 0 0
161 18 0 0 0 0 0 0 0 0
166 21 1 1 21 0 0 0 0 0
167 21 0 0 0 0 0 21 1 1
169 21 0 0 0 0 0 0 0 0
171 21 0 0 0 0 0 0 0 0
172 21 0 0 0 0 0 0 0 0
174 33 0 0 0 0 0 0 0 0
183 18 0 0 0 0 0 0 0 0
184 18 0 0 0 0 0 0 0 0
187 18 0 0 0 0 0 0 0 0
188 18 0 0 0 0 0 0 0 0
189 18 0 0 0 0 0 0 0 0
194 19 0 0 0 0 0 0 0 0
196 19 0 0 19 4 4 0 0 0
197 19 0 0 19 0 0 0 0 0
198 19 0 0 19 0 0 0 0 0
199 19 1 1 19 0 0 0 0 0
201 19 0 0 0 0 0 19 7 7
202 19 0 0 0 0 0 19 2 2
203 19 0 0 0 0 0 19 1 1
204 19 0 0 0 0 0 19 1 1
206 19 0 0 0 0 0 0 0 0
207 19 0 0 0 0 0 0 0 0
209 19 0 0 0 0 0 0 0 0
211 5 0 0 0 0 0 0 0 0
213 5 0 0 5 0 0 0 0 0
214 5 0 0 5 0 0 0 0 0
215 5 0 0 5 0 0 0 0 0
216 5 0 0 5 0 0 0 0 0
218 5 0 0 0 0 0 5 0 0
219 5 0 0 0 0 0 5 0 0
220 5 0 0 0 0 0 5 0 0
221 5 0 0 0 0 0 5 0 0
223 5 0 0 0 0 0 0 0 0
224 5 0 0 0 0 0 0 0 0
226 9 0 0 0 0 0 0 0 0
231 18 1 1 0 0 0 0 0 0
237 18 0 0 18 0 0 0 0 0
238 18 0 0 0 0 0 0 0 0
240 3 0 0 3 0 0 0 0 0
fl=/build/glibc-Cl5G7W/glibc-2.23/string/../sysdeps/x86_64/multiarch/../memset.S
fn=memset
53 20 1 1 0 0 0 0 0 0
54 20 0 0 0 0 0 0 0 0
55 20 0 0 0 0 0 0 0 0
56 20 0 0 0 0 0 0 0 0
57 20 0 0 0 0 0 0 0 0
59 20 0 0 0 0 0 0 0 0
60 20 0 0 0 0 0 0 0 0
61 15 0 0 0 0 0 0 0 0
62 15 0 0 0 0 0 0 0 0
63 2 0 0 0 0 0 0 0 0
64 2 0 0 0 0 0 2 1 1
65 2 0 0 0 0 0 2 0 0
66 2 0 0 0 0 0 0 0 0
68 2 0 0 2 0 0 0 0 0
77 5 1 1 0 0 0 0 0 0
78 5 0 0 0 0 0 5 5 5
79 5 0 0 0 0 0 0 0 0
80 5 0 0 0 0 0 5 4 4
81 5 0 0 0 0 0 5 1 1
82 5 0 0 0 0 0 5 1 1
83 5 0 0 0 0 0 5 2 2
84 5 0 0 0 0 0 5 0 0
85 5 0 0 0 0 0 5 1 1
86 5 0 0 0 0 0 5 0 0
87 5 0 0 0 0 0 0 0 0
88 5 0 0 0 0 0 0 0 0
89 5 0 0 0 0 0 0 0 0
90 10 0 0 0 0 0 0 0 0
93 113 0 0 0 0 0 113 104 104
94 113 0 0 0 0 0 113 0 0
95 113 0 0 0 0 0 113 0 0
96 113 0 0 0 0 0 113 0 0
97 113 0 0 0 0 0 0 0 0
98 113 0 0 0 0 0 0 0 0
99 113 0 0 0 0 0 0 0 0
100 5 0 0 5 0 0 0 0 0
103 13 1 1 0 0 0 0 0 0
104 13 0 0 0 0 0 0 0 0
105 13 0 0 0 0 0 0 0 0
106 3 0 0 0 0 0 0 0 0
107 3 0 0 0 0 0 0 0 0
108 1 0 0 0 0 0 0 0 0
109 1 0 0 0 0 0 0 0 0
112 1 0 0 0 0 0 0 0 0
113 1 0 0 0 0 0 0 0 0
114 1 0 0 0 0 0 1 0 0
115 1 0 0 1 0 0 0 0 0
117 2 0 0 0 0 0 2 0 0
118 2 0 0 0 0 0 2 0 0
119 2 0 0 2 0 0 0 0 0
121 10 0 0 0 0 0 10 3 3
122 10 0 0 0 0 0 10 0 0
123 10 0 0 10 0 0 0 0 0
fl=/build/glibc-Cl5G7W/glibc-2.23/string/../sysdeps/x86_64/multiarch/../strchr.S
fn=index
24 24 1 1 0 0 0 0 0 0
25 24 0 0 0 0 0 0 0 0
26 24 0 0 0 0 0 0 0 0
27 24 0 0 0 0 0 0 0 0
28 24 0 0 0 0 0 0 0 0
29 24 0 0 0 0 0 0 0 0
30 24 0 0 0 0 0 0 0 0
31 24 1 1 0 0 0 0 0 0
32 24 0 0 24 6 6 0 0 0
33 24 0 0 0 0 0 0 0 0
34 24 0 0 0 0 0 0 0 0
35 24 0 0 0 0 0 0 0 0
36 24 0 0 0 0 0 0 0 0
37 24 0 0 0 0 0 0 0 0
38 24 0 0 0 0 0 0 0 0
39 24 0 0 0 0 0 0 0 0
40 24 0 0 0 0 0 0 0 0
41 16 0 0 0 0 0 0 0 0
45 16 0 0 0 0 0 0 0 0
46 16 0 0 0 0 0 0 0 0
47 16 0 0 16 0 0 0 0 0
48 16 0 0 0 0 0 0 0 0
50 16 0 0 16 0 0 0 0 0
54 8 0 0 8 1 1 0 0 0
55 8 1 1 0 0 0 0 0 0
56 8 0 0 0 0 0 0 0 0
57 8 0 0 0 0 0 0 0 0
58 8 0 0 0 0 0 0 0 0
59 8 0 0 0 0 0 0 0 0
60 8 0 0 8 1 1 0 0 0
61 8 0 0 0 0 0 0 0 0
62 8 0 0 0 0 0 0 0 0
63 8 0 0 0 0 0 0 0 0
64 8 0 0 0 0 0 0 0 0
65 8 0 0 0 0 0 0 0 0
66 8 0 0 0 0 0 0 0 0
67 8 0 0 8 0 0 0 0 0
68 8 0 0 0 0 0 0 0 0
69 8 0 0 0 0 0 0 0 0
70 8 0 0 0 0 0 0 0 0
71 8 1 1 0 0 0 0 0 0
72 8 0 0 0 0 0 0 0 0
73 8 0 0 0 0 0 0 0 0
74 8 0 0 0 0 0 0 0 0
75 8 0 0 0 0 0 0 0 0
76 8 0 0 0 0 0 0 0 0
77 8 0 0 0 0 0 0 0 0
129 8 1 1 0 0 0 0 0 0
133 8 0 0 0 0 0 0 0 0
134 8 0 0 0 0 0 0 0 0
135 8 0 0 8 0 0 0 0 0
136 8 0 0 0 0 0 0 0 0
138 8 0 0 8 0 0 0 0 0
fl=/build/glibc-Cl5G7W/glibc-2.23/string/../sysdeps/x86_64/multiarch/../strcmp.S
fn=strcmp
144 2999 1 1 0 0 0 0 0 0
145 2999 0 0 0 0 0 0 0 0
147 2999 0 0 0 0 0 0 0 0
148 2999 0 0 0 0 0 0 0 0
169 2999 0 0 0 0 0 0 0 0
170 2999 0 0 0 0 0 0 0 0
171 2679 0 0 0 0 0 0 0 0
172 2679 0 0 0 0 0 0 0 0
173 2649 0 0 2649 67 19 0 0 0
174 2649 0 0 2649 57 9 0 0 0
175 2649 0 0 2649 0 0 0 0 0
176 2649 0 0 2649 0 0 0 0 0
197 2649 0 0 0 0 0 0 0 0
198 2649 0 0 0 0 0 0 0 0
199 2649 0 0 0 0 0 0 0 0
200 2649 0 0 0 0 0 0 0 0
201 2649 0 0 0 0 0 0 0 0
202 2649 0 0 0 0 0 0 0 0
203 2649 0 0 0 0 0 0 0 0
208 37 0 0 0 0 0 0 0 0
209 37 0 0 0 0 0 0 0 0
218 387 1 1 0 0 0 0 0 0
219 387 0 0 0 0 0 0 0 0
220 387 0 0 0 0 0 0 0 0
221 387 0 0 0 0 0 0 0 0
222 387 0 0 0 0 0 0 0 0
223 387 0 0 0 0 0 0 0 0
224 387 0 0 0 0 0 0 0 0
225 387 0 0 0 0 0 0 0 0
226 284 0 0 0 0 0 0 0 0
227 133 0 0 0 0 0 0 0 0
228 133 0 0 0 0 0 0 0 0
229 133 0 0 0 0 0 0 0 0
231 284 0 0 0 0 0 0 0 0
232 284 0 0 0 0 0 0 0 0
233 284 2 1 0 0 0 0 0 0
234 284 0 0 284 8 2 0 0 0
235 284 0 0 0 0 0 0 0 0
236 284 0 0 0 0 0 0 0 0
246 103 0 0 103 8 1 0 0 0
247 103 0 0 0 0 0 0 0 0
248 103 0 0 0 0 0 0 0 0
250 103 0 0 103 1 1 0 0 0
256 103 0 0 0 0 0 0 0 0
257 103 0 0 0 0 0 0 0 0
258 103 0 0 0 0 0 0 0 0
259 103 0 0 0 0 0 0 0 0
260 103 0 0 0 0 0 0 0 0
265 103 0 0 0 0 0 0 0 0
267 92 0 0 0 0 0 0 0 0
268 92 2 1 0 0 0 0 0 0
269 184 0 0 0 0 0 0 0 0
277 111 0 0 111 9 1 0 0 0
278 111 0 0 111 0 0 0 0 0
281 111 0 0 0 0 0 0 0 0
282 111 0 0 0 0 0 0 0 0
283 111 0 0 0 0 0 0 0 0
284 111 0 0 0 0 0 0 0 0
285 111 0 0 0 0 0 0 0 0
286 111 0 0 0 0 0 0 0 0
292 34 0 0 0 0 0 0 0 0
293 34 0 0 34 0 0 0 0 0
294 34 2 1 34 0 0 0 0 0
297 34 0 0 0 0 0 0 0 0
298 34 0 0 0 0 0 0 0 0
299 34 0 0 0 0 0 0 0 0
300 34 0 0 0 0 0 0 0 0
301 34 0 0 0 0 0 0 0 0
302 34 0 0 0 0 0 0 0 0
307 19 0 0 0 0 0 0 0 0
308 19 0 0 0 0 0 0 0 0
696 2 1 1 0 0 0 0 0 0
697 2 0 0 2 1 1 0 0 0
698 2 0 0 2 1 0 0 0 0
699 2 0 0 0 0 0 0 0 0
700 2 1 1 0 0 0 0 0 0
702 2 0 0 0 0 0 0 0 0
703 2 0 0 0 0 0 0 0 0
704 2 0 0 0 0 0 0 0 0
705 2 0 0 0 0 0 0 0 0
706 2 0 0 0 0 0 0 0 0
707 2 0 0 0 0 0 0 0 0
708 2 0 0 0 0 0 0 0 0
709 2 0 0 2 0 0 0 0 0
713 2 0 0 0 0 0 0 0 0
714 2 0 0 0 0 0 0 0 0
715 2 0 0 0 0 0 0 0 0
721 2 0 0 0 0 0 0 0 0
722 2 0 0 0 0 0 0 0 0
723 4 1 1 0 0 0 0 0 0
727 2 0 0 0 0 0 0 0 0
728 2 0 0 0 0 0 0 0 0
731 2 0 0 2 1 0 0 0 0
732 2 0 0 2 1 1 0 0 0
733 2 0 0 0 0 0 0 0 0
736 2 0 0 0 0 0 0 0 0
737 2 0 0 0 0 0 0 0 0
738 2 0 0 0 0 0 0 0 0
744 2 0 0 0 0 0 0 0 0
745 2 0 0 0 0 0 0 0 0
746 2 1 1 0 0 0 0 0 0
747 2 0 0 0 0 0 0 0 0
748 2 0 0 0 0 0 0 0 0
749 2 0 0 0 0 0 0 0 0
821 3 1 1 0 0 0 0 0 0
822 3 0 0 3 0 0 0 0 0
823 3 0 0 3 1 1 0 0 0
824 3 0 0 0 0 0 0 0 0
825 3 1 1 0 0 0 0 0 0
827 3 0 0 0 0 0 0 0 0
828 3 0 0 0 0 0 0 0 0
829 3 0 0 0 0 0 0 0 0
830 3 0 0 0 0 0 0 0 0
831 3 0 0 0 0 0 0 0 0
832 3 0 0 0 0 0 0 0 0
833 3 0 0 0 0 0 0 0 0
834 3 0 0 3 0 0 0 0 0
838 3 0 0 0 0 0 0 0 0
839 3 0 0 0 0 0 0 0 0
840 3 0 0 0 0 0 0 0 0
846 3 0 0 0 0 0 0 0 0
847 3 0 0 0 0 0 0 0 0
848 6 1 1 0 0 0 0 0 0
852 3 0 0 0 0 0 0 0 0
853 3 0 0 0 0 0 0 0 0
856 3 0 0 3 0 0 0 0 0
857 3 0 0 3 1 0 0 0 0
858 3 0 0 0 0 0 0 0 0
861 3 0 0 0 0 0 0 0 0
862 3 0 0 0 0 0 0 0 0
863 3 0 0 0 0 0 0 0 0
869 3 0 0 0 0 0 0 0 0
870 3 0 0 0 0 0 0 0 0
871 3 1 1 0 0 0 0 0 0
872 3 0 0 0 0 0 0 0 0
873 3 0 0 0 0 0 0 0 0
874 3 0 0 0 0 0 0 0 0
1071 6 1 1 0 0 0 0 0 0
1072 6 0 0 6 0 0 0 0 0
1073 6 0 0 6 3 2 0 0 0
1074 6 0 0 0 0 0 0 0 0
1075 6 2 1 0 0 0 0 0 0
1077 6 0 0 0 0 0 0 0 0
1078 6 0 0 0 0 0 0 0 0
1079 6 0 0 0 0 0 0 0 0
1080 6 0 0 0 0 0 0 0 0
1081 6 0 0 0 0 0 0 0 0
1082 6 0 0 0 0 0 0 0 0
1083 6 0 0 0 0 0 0 0 0
1084 6 0 0 6 0 0 0 0 0
1088 6 0 0 0 0 0 0 0 0
1089 6 0 0 0 0 0 0 0 0
1090 6 0 0 0 0 0 0 0 0
1096 6 0 0 0 0 0 0 0 0
1097 6 0 0 0 0 0 0 0 0
1098 12 2 1 0 0 0 0 0 0
1102 6 0 0 0 0 0 0 0 0
1103 6 0 0 0 0 0 0 0 0
1106 6 0 0 6 1 1 0 0 0
1107 6 0 0 6 0 0 0 0 0
1108 6 0 0 0 0 0 0 0 0
1111 6 0 0 0 0 0 0 0 0
1112 6 0 0 0 0 0 0 0 0
1113 6 0 0 0 0 0 0 0 0
1119 6 0 0 0 0 0 0 0 0
1120 6 0 0 0 0 0 0 0 0
1121 6 2 1 0 0 0 0 0 0
1122 6 0 0 0 0 0 0 0 0
1123 6 0 0 0 0 0 0 0 0
1124 6 0 0 0 0 0 0 0 0
1131 2 0 0 0 0 0 0 0 0
1132 2 0 0 0 0 0 0 0 0
1134 2 0 0 0 0 0 0 0 0
1135 2 0 0 0 0 0 0 0 0
1137 2 0 0 2 1 1 0 0 0
1138 2 0 0 2 0 0 0 0 0
1139 2 0 0 0 0 0 0 0 0
1142 2 0 0 0 0 0 0 0 0
1143 2 0 0 0 0 0 0 0 0
1144 2 0 0 0 0 0 0 0 0
1150 2 0 0 0 0 0 0 0 0
1151 2 1 1 0 0 0 0 0 0
1152 2 0 0 0 0 0 0 0 0
1153 2 0 0 0 0 0 0 0 0
1154 2 0 0 0 0 0 0 0 0
1155 2 0 0 0 0 0 0 0 0
1196 26 1 1 0 0 0 0 0 0
1197 26 0 0 26 1 0 0 0 0
1198 26 0 0 26 0 0 0 0 0
1199 26 0 0 0 0 0 0 0 0
1200 26 3 1 0 0 0 0 0 0
1202 26 0 0 0 0 0 0 0 0
1203 26 0 0 0 0 0 0 0 0
1204 26 0 0 0 0 0 0 0 0
1205 26 0 0 0 0 0 0 0 0
1206 26 0 0 0 0 0 0 0 0
1207 26 0 0 0 0 0 0 0 0
1208 26 0 0 0 0 0 0 0 0
1209 4 0 0 4 0 0 0 0 0
1213 4 0 0 0 0 0 0 0 0
1214 4 0 0 0 0 0 0 0 0
1215 4 0 0 0 0 0 0 0 0
1221 4 0 0 0 0 0 0 0 0
1222 4 0 0 0 0 0 0 0 0
1223 8 1 1 0 0 0 0 0 0
1227 4 0 0 0 0 0 0 0 0
1228 4 0 0 0 0 0 0 0 0
1231 4 0 0 4 0 0 0 0 0
1232 4 0 0 4 1 0 0 0 0
1233 4 0 0 0 0 0 0 0 0
1236 4 0 0 0 0 0 0 0 0
1237 4 0 0 0 0 0 0 0 0
1238 4 0 0 0 0 0 0 0 0
1244 4 0 0 0 0 0 0 0 0
1245 4 0 0 0 0 0 0 0 0
1246 4 1 1 0 0 0 0 0 0
1247 4 0 0 0 0 0 0 0 0
1248 4 0 0 0 0 0 0 0 0
1249 4 0 0 0 0 0 0 0 0
1321 54 1 1 0 0 0 0 0 0
1322 54 0 0 54 3 1 0 0 0
1323 54 0 0 54 2 0 0 0 0
1324 54 0 0 0 0 0 0 0 0
1325 54 1 1 0 0 0 0 0 0
1327 54 0 0 0 0 0 0 0 0
1328 54 0 0 0 0 0 0 0 0
1329 54 0 0 0 0 0 0 0 0
1330 54 0 0 0 0 0 0 0 0
1331 54 0 0 0 0 0 0 0 0
1332 54 0 0 0 0 0 0 0 0
1333 54 0 0 0 0 0 0 0 0
1334 9 0 0 9 0 0 0 0 0
1338 9 0 0 0 0 0 0 0 0
1339 9 0 0 0 0 0 0 0 0
1340 9 0 0 0 0 0 0 0 0
1346 9 0 0 0 0 0 0 0 0
1347 9 0 0 0 0 0 0 0 0
1348 18 2 1 0 0 0 0 0 0
1352 9 0 0 0 0 0 0 0 0
1353 9 0 0 0 0 0 0 0 0
1356 9 0 0 9 0 0 0 0 0
1357 9 0 0 9 3 1 0 0 0
1358 9 0 0 0 0 0 0 0 0
1361 9 0 0 0 0 0 0 0 0
1362 9 0 0 0 0 0 0 0 0
1363 9 0 0 0 0 0 0 0 0
1369 9 0 0 0 0 0 0 0 0
1370 9 0 0 0 0 0 0 0 0
1371 9 1 1 0 0 0 0 0 0
1372 9 0 0 0 0 0 0 0 0
1373 9 0 0 0 0 0 0 0 0
1374 9 0 0 0 0 0 0 0 0
1446 15 1 1 0 0 0 0 0 0
1447 15 0 0 15 1 0 0 0 0
1448 15 0 0 15 0 0 0 0 0
1449 15 0 0 0 0 0 0 0 0
1450 15 2 1 0 0 0 0 0 0
1452 15 0 0 0 0 0 0 0 0
1453 15 0 0 0 0 0 0 0 0
1454 15 0 0 0 0 0 0 0 0
1455 15 0 0 0 0 0 0 0 0
1456 15 0 0 0 0 0 0 0 0
1457 15 0 0 0 0 0 0 0 0
1458 15 0 0 0 0 0 0 0 0
1459 3 0 0 3 0 0 0 0 0
1463 3 0 0 0 0 0 0 0 0
1464 3 0 0 0 0 0 0 0 0
1465 3 0 0 0 0 0 0 0 0
1471 3 0 0 0 0 0 0 0 0
1472 3 0 0 0 0 0 0 0 0
1473 6 1 1 0 0 0 0 0 0
1477 3 0 0 0 0 0 0 0 0
1478 3 0 0 0 0 0 0 0 0
1481 3 0 0 3 1 1 0 0 0
1482 3 0 0 3 0 0 0 0 0
1483 3 0 0 0 0 0 0 0 0
1486 3 0 0 0 0 0 0 0 0
1487 3 0 0 0 0 0 0 0 0
1488 3 0 0 0 0 0 0 0 0
1494 3 0 0 0 0 0 0 0 0
1495 3 0 0 0 0 0 0 0 0
1496 3 1 1 0 0 0 0 0 0
1497 3 0 0 0 0 0 0 0 0
1498 3 0 0 0 0 0 0 0 0
1499 3 0 0 0 0 0 0 0 0
1571 24 1 1 0 0 0 0 0 0
1572 24 0 0 24 2 1 0 0 0
1573 24 0 0 24 1 1 0 0 0
1574 24 0 0 0 0 0 0 0 0
1575 24 1 1 0 0 0 0 0 0
1577 24 0 0 0 0 0 0 0 0
1578 24 0 0 0 0 0 0 0 0
1579 24 0 0 0 0 0 0 0 0
1580 24 0 0 0 0 0 0 0 0
1581 24 0 0 0 0 0 0 0 0
1582 24 0 0 0 0 0 0 0 0
1583 24 0 0 0 0 0 0 0 0
1584 4 0 0 4 0 0 0 0 0
1588 4 0 0 0 0 0 0 0 0
1589 4 0 0 0 0 0 0 0 0
1590 4 0 0 0 0 0 0 0 0
1596 4 0 0 0 0 0 0 0 0
1597 4 0 0 0 0 0 0 0 0
1598 8 1 1 0 0 0 0 0 0
1602 4 0 0 0 0 0 0 0 0
1603 4 0 0 0 0 0 0 0 0
1606 4 0 0 4 2 1 0 0 0
1607 4 0 0 4 0 0 0 0 0
1608 4 0 0 0 0 0 0 0 0
1611 4 0 0 0 0 0 0 0 0
1612 4 0 0 0 0 0 0 0 0
1613 4 0 0 0 0 0 0 0 0
1619 4 0 0 0 0 0 0 0 0
1620 4 0 0 0 0 0 0 0 0
1621 4 1 1 0 0 0 0 0 0
1622 4 0 0 0 0 0 0 0 0
1623 4 0 0 0 0 0 0 0 0
1624 4 0 0 0 0 0 0 0 0
1696 19 1 1 0 0 0 0 0 0
1697 19 0 0 19 2 1 0 0 0
1698 19 0 0 19 1 1 0 0 0
1699 19 0 0 0 0 0 0 0 0
1700 19 1 1 0 0 0 0 0 0
1702 19 0 0 0 0 0 0 0 0
1703 19 0 0 0 0 0 0 0 0
1704 19 0 0 0 0 0 0 0 0
1705 19 0 0 0 0 0 0 0 0
1706 19 0 0 0 0 0 0 0 0
1707 19 0 0 0 0 0 0 0 0
1708 19 0 0 0 0 0 0 0 0
1709 1 0 0 1 0 0 0 0 0
1713 1 0 0 0 0 0 0 0 0
1714 1 0 0 0 0 0 0 0 0
1715 1 0 0 0 0 0 0 0 0
1721 1 0 0 0 0 0 0 0 0
1722 1 0 0 0 0 0 0 0 0
1723 2 1 1 0 0 0 0 0 0
1727 1 0 0 0 0 0 0 0 0
1728 1 0 0 0 0 0 0 0 0
1731 1 0 0 1 0 0 0 0 0
1732 1 0 0 1 0 0 0 0 0
1733 1 0 0 0 0 0 0 0 0
1736 1 0 0 0 0 0 0 0 0
1737 1 0 0 0 0 0 0 0 0
1738 1 0 0 0 0 0 0 0 0
1744 1 0 0 0 0 0 0 0 0
1745 1 0 0 0 0 0 0 0 0
1746 1 1 1 0 0 0 0 0 0
1747 1 0 0 0 0 0 0 0 0
1748 1 0 0 0 0 0 0 0 0
1749 1 0 0 0 0 0 0 0 0
1821 17 1 1 0 0 0 0 0 0
1822 17 0 0 17 4 3 0 0 0
1823 17 0 0 17 3 1 0 0 0
1824 17 0 0 0 0 0 0 0 0
1825 17 2 1 0 0 0 0 0 0
1827 17 0 0 0 0 0 0 0 0
1828 17 0 0 0 0 0 0 0 0
1829 17 0 0 0 0 0 0 0 0
1830 17 0 0 0 0 0 0 0 0
1831 17 0 0 0 0 0 0 0 0
1832 17 0 0 0 0 0 0 0 0
1833 17 0 0 0 0 0 0 0 0
1834 10 0 0 10 0 0 0 0 0
1838 10 0 0 0 0 0 0 0 0
1839 10 0 0 0 0 0 0 0 0
1840 10 0 0 0 0 0 0 0 0
1846 10 0 0 0 0 0 0 0 0
1847 10 0 0 0 0 0 0 0 0
1848 20 2 1 0 0 0 0 0 0
1852 10 0 0 0 0 0 0 0 0
1853 10 0 0 0 0 0 0 0 0
1856 10 0 0 10 1 0 0 0 0
1857 10 0 0 10 4 4 0 0 0
1858 10 0 0 0 0 0 0 0 0
1861 10 0 0 0 0 0 0 0 0
1862 10 0 0 0 0 0 0 0 0
1863 10 0 0 0 0 0 0 0 0
1869 10 0 0 0 0 0 0 0 0
1870 10 0 0 0 0 0 0 0 0
1871 10 1 1 0 0 0 0 0 0
1872 10 0 0 0 0 0 0 0 0
1873 10 0 0 0 0 0 0 0 0
1874 10 0 0 0 0 0 0 0 0
1881 1 0 0 0 0 0 0 0 0
1882 1 0 0 0 0 0 0 0 0
1884 1 0 0 0 0 0 0 0 0
1885 1 0 0 0 0 0 0 0 0
1887 1 0 0 1 0 0 0 0 0
1888 1 0 0 1 0 0 0 0 0
1889 1 0 0 0 0 0 0 0 0
1892 1 0 0 0 0 0 0 0 0
1893 1 0 0 0 0 0 0 0 0
1894 1 0 0 0 0 0 0 0 0
1900 1 0 0 0 0 0 0 0 0
1901 1 1 1 0 0 0 0 0 0
1902 1 0 0 0 0 0 0 0 0
1903 1 0 0 0 0 0 0 0 0
1904 1 0 0 0 0 0 0 0 0
1905 1 0 0 0 0 0 0 0 0
1946 5 1 1 0 0 0 0 0 0
1947 5 0 0 5 0 0 0 0 0
1948 5 0 0 5 2 1 0 0 0
1949 5 0 0 0 0 0 0 0 0
1950 5 1 1 0 0 0 0 0 0
1952 5 0 0 0 0 0 0 0 0
1953 5 0 0 0 0 0 0 0 0
1954 5 0 0 0 0 0 0 0 0
1955 5 0 0 0 0 0 0 0 0
1956 5 0 0 0 0 0 0 0 0
1957 5 0 0 0 0 0 0 0 0
1958 5 0 0 0 0 0 0 0 0
1959 4 0 0 4 0 0 0 0 0
1963 4 0 0 0 0 0 0 0 0
1964 4 0 0 0 0 0 0 0 0
1965 4 0 0 0 0 0 0 0 0
1971 4 0 0 0 0 0 0 0 0
1972 4 0 0 0 0 0 0 0 0
1973 8 1 1 0 0 0 0 0 0
1977 4 0 0 0 0 0 0 0 0
1978 4 0 0 0 0 0 0 0 0
1981 4 0 0 4 1 1 0 0 0
1982 4 0 0 4 1 1 0 0 0
1983 4 0 0 0 0 0 0 0 0
1986 4 0 0 0 0 0 0 0 0
1987 4 0 0 0 0 0 0 0 0
1988 4 0 0 0 0 0 0 0 0
1994 4 0 0 0 0 0 0 0 0
1995 4 0 0 0 0 0 0 0 0
1996 4 2 1 0 0 0 0 0 0
1997 4 0 0 0 0 0 0 0 0
1998 4 0 0 0 0 0 0 0 0
1999 4 0 0 0 0 0 0 0 0
2071 113 1 1 0 0 0 0 0 0
2072 113 0 0 113 5 0 0 0 0
2073 113 0 0 113 9 3 0 0 0
2074 113 0 0 0 0 0 0 0 0
2075 113 1 1 0 0 0 0 0 0
2077 113 0 0 0 0 0 0 0 0
2078 113 0 0 0 0 0 0 0 0
2079 113 0 0 0 0 0 0 0 0
2080 113 0 0 0 0 0 0 0 0
2081 113 0 0 0 0 0 0 0 0
2082 113 0 0 0 0 0 0 0 0
2083 113 0 0 0 0 0 0 0 0
2085 3 0 0 3 0 0 0 0 0
2089 3 0 0 0 0 0 0 0 0
2090 3 0 0 0 0 0 0 0 0
2091 3 0 0 0 0 0 0 0 0
2097 3 0 0 0 0 0 0 0 0
2098 3 0 0 0 0 0 0 0 0
2100 6 1 1 0 0 0 0 0 0
2104 3 0 0 0 0 0 0 0 0
2105 3 0 0 0 0 0 0 0 0
2108 3 0 0 3 1 1 0 0 0
2109 3 0 0 3 0 0 0 0 0
2110 3 0 0 0 0 0 0 0 0
2113 3 0 0 0 0 0 0 0 0
2114 3 0 0 0 0 0 0 0 0
2115 3 0 0 0 0 0 0 0 0
2121 3 0 0 0 0 0 0 0 0
2122 3 0 0 0 0 0 0 0 0
2123 3 1 1 0 0 0 0 0 0
2124 3 0 0 0 0 0 0 0 0
2125 3 0 0 0 0 0 0 0 0
2126 3 0 0 0 0 0 0 0 0
2200 141 0 0 0 0 0 0 0 0
2202 387 1 1 0 0 0 0 0 0
2203 387 0 0 0 0 0 0 0 0
2204 387 0 0 0 0 0 0 0 0
2205 387 1 1 0 0 0 0 0 0
2206 399 0 0 0 0 0 0 0 0
2211 2999 0 0 0 0 0 0 0 0
2217 2999 0 0 2999 0 0 0 0 0
2218 2999 0 0 2999 0 0 0 0 0
2226 2999 0 0 0 0 0 0 0 0
2227 2999 0 0 2999 0 0 0 0 0
fl=/build/glibc-Cl5G7W/glibc-2.23/string/../sysdeps/x86_64/multiarch/memmove.c
fn=memcpy@GLIBC_2.2.5
54 11 2 2 3 0 0 0 0 0
fl=/build/glibc-Cl5G7W/glibc-2.23/string/../sysdeps/x86_64/multiarch/strcmp-sse2-unaligned.S
fn=__strcmp_sse2_unaligned
24 8 1 1 0 0 0 0 0 0
25 8 0 0 0 0 0 0 0 0
26 8 0 0 0 0 0 0 0 0
27 8 0 0 0 0 0 0 0 0
28 8 0 0 0 0 0 0 0 0
29 8 1 1 0 0 0 0 0 0
30 8 0 0 0 0 0 0 0 0
197 8 1 1 0 0 0 0 0 0
198 8 0 0 0 0 0 0 0 0
203 8 1 1 8 0 0 0 0 0
204 8 0 0 8 1 0 0 0 0
205 8 0 0 0 0 0 0 0 0
206 8 0 0 0 0 0 0 0 0
209 8 0 0 0 0 0 0 0 0
210 8 0 0 8 0 0 0 0 0
fl=/build/glibc-Cl5G7W/glibc-2.23/string/../sysdeps/x86_64/multiarch/strcmp.S
fn=strcasecmp
109 1 1 1 1 0 0 0 0 0
110 1 0 0 0 0 0 0 0 0
111 1 0 0 1 1 0 0 0 0
112 1 0 0 0 0 0 0 0 0
122 1 1 1 1 0 0 0 0 0
fn=strcmp
87 1 1 1 1 1 0 0 0 0
89 1 0 0 0 0 0 0 0 0
90 1 0 0 1 1 0 0 0 0
91 1 0 0 0 0 0 0 0 0
103 1 1 1 1 0 0 0 0 0
fn=strncasecmp
129 1 1 1 1 0 0 0 0 0
130 1 0 0 0 0 0 0 0 0
131 1 1 1 1 0 0 0 0 0
132 1 0 0 0 0 0 0 0 0
142 1 1 1 1 0 0 0 0 0
fl=/build/glibc-Cl5G7W/glibc-2.23/string/../sysdeps/x86_64/multiarch/strcspn.S
fn=strcspn
45 1 1 1 1 0 0 0 0 0
46 1 0 0 0 0 0 0 0 0
47 1 0 0 1 1 0 0 0 0
48 1 0 0 0 0 0 0 0 0
49 1 0 0 0 0 0 0 0 0
50 1 0 0 1 0 0 0 0 0
fn=strpbrk
45 1 1 1 1 0 0 0 0 0
46 1 0 0 0 0 0 0 0 0
47 1 1 1 1 0 0 0 0 0
48 1 0 0 0 0 0 0 0 0
49 1 0 0 0 0 0 0 0 0
50 1 0 0 1 0 0 0 0 0
fl=/build/glibc-Cl5G7W/glibc-2.23/string/../sysdeps/x86_64/multiarch/strspn.S
fn=strspn
30 1 1 1 1 0 0 0 0 0
31 1 0 0 0 0 0 0 0 0
32 1 0 0 1 0 0 0 0 0
33 1 0 0 0 0 0 0 0 0
34 1 0 0 0 0 0 0 0 0
35 1 0 0 1 0 0 0 0 0
fl=/build/glibc-Cl5G7W/glibc-2.23/string/../sysdeps/x86_64/strlen.S
fn=strlen
66 103 2 2 0 0 0 0 0 0
67 103 0 0 0 0 0 0 0 0
68 103 0 0 0 0 0 0 0 0
69 103 0 0 0 0 0 0 0 0
70 103 0 0 0 0 0 0 0 0
71 103 0 0 0 0 0 0 0 0
72 103 0 0 0 0 0 0 0 0
74 103 1 1 0 0 0 0 0 0
76 103 0 0 0 0 0 0 0 0
106 102 0 0 102 6 6 0 0 0
107 102 0 0 0 0 0 0 0 0
108 102 1 1 0 0 0 0 0 0
109 102 0 0 0 0 0 0 0 0
110 102 0 0 0 0 0 0 0 0
111 79 0 0 0 0 0 0 0 0
112 79 0 0 79 0 0 0 0 0
116 23 0 0 0 0 0 0 0 0
117 23 0 0 23 0 0 0 0 0
118 23 0 0 23 0 0 0 0 0
119 23 0 0 23 1 1 0 0 0
120 23 0 0 0 0 0 0 0 0
121 23 0 0 0 0 0 0 0 0
122 23 0 0 0 0 0 0 0 0
123 23 0 0 0 0 0 0 0 0
124 23 0 0 0 0 0 0 0 0
125 23 0 0 0 0 0 0 0 0
126 23 0 0 0 0 0 0 0 0
127 23 0 0 0 0 0 0 0 0
132 182 0 0 22 0 0 0 0 0
136 1 1 1 0 0 0 0 0 0
137 14 1 1 4 0 0 0 0 0
138 8 0 0 1 0 0 0 0 0
203 1 1 1 1 0 0 0 0 0
204 1 0 0 1 0 0 0 0 0
205 1 0 0 1 0 0 0 0 0
206 1 0 0 1 0 0 0 0 0
207 1 0 0 0 0 0 0 0 0
208 1 0 0 0 0 0 0 0 0
209 1 0 0 0 0 0 0 0 0
210 1 0 0 0 0 0 0 0 0
226 1 1 1 0 0 0 0 0 0
228 1 0 0 0 0 0 0 0 0
229 14 1 1 4 0 0 0 0 0
231 1 0 0 0 0 0 0 0 0
232 1 0 0 0 0 0 0 0 0
233 1 0 0 0 0 0 0 0 0
234 1 0 0 1 0 0 0 0 0
fl=/build/glibc-Cl5G7W/glibc-2.23/string/../sysdeps/x86_64/strrchr.S
fn=rindex
24 1 1 1 0 0 0 0 0 0
25 1 0 0 0 0 0 0 0 0
26 1 0 0 0 0 0 0 0 0
27 1 0 0 0 0 0 0 0 0
28 1 0 0 0 0 0 0 0 0
29 1 0 0 0 0 0 0 0 0
30 1 0 0 0 0 0 0 0 0
31 1 0 0 0 0 0 0 0 0
32 1 0 0 1 1 0 0 0 0
33 1 0 0 0 0 0 0 0 0
34 1 0 0 0 0 0 0 0 0
35 1 0 0 0 0 0 0 0 0
36 1 0 0 0 0 0 0 0 0
37 1 0 0 0 0 0 0 0 0
38 1 1 1 0 0 0 0 0 0
39 1 0 0 0 0 0 0 0 0
40 1 0 0 0 0 0 0 0 0
41 1 0 0 0 0 0 0 0 0
42 1 0 0 0 0 0 0 0 0
43 1 0 0 0 0 0 0 0 0
44 1 0 0 0 0 0 0 0 0
45 1 0 0 0 0 0 0 0 0
46 1 0 0 0 0 0 0 0 0
47 1 0 0 1 0 0 0 0 0
fl=/build/glibc-Cl5G7W/glibc-2.23/string/strdup.c
fn=strdup
40 32 1 1 0 0 0 16 0 0
41 16 0 0 0 0 0 8 1 1
42 16 0 0 0 0 0 8 0 0
44 16 0 0 0 0 0 0 0 0
47 32 0 0 0 0 0 0 0 0
48 24 0 0 16 0 0 0 0 0
fl=/build/glibc-Cl5G7W/glibc-2.23/time/../sysdeps/generic/dl-hash.h
fn=gettimeofday
45 12 0 0 4 0 0 0 0 0
48 12 0 0 0 0 0 0 0 0
62 16 0 0 0 0 0 0 0 0
fn=time
45 12 0 0 4 1 1 0 0 0
48 12 0 0 0 0 0 0 0 0
62 16 1 1 0 0 0 0 0 0
fl=/build/glibc-Cl5G7W/glibc-2.23/time/../sysdeps/unix/sysv/linux/x86/gettimeofday.c
fn=gettimeofday
36 1 0 0 0 0 0 0 0 0
37 11 2 2 0 0 0 4 0 0
40 3 1 1 0 0 0 1 0 0
41 3 0 0 0 0 0 0 0 0
42 2 0 0 1 0 0 0 0 0
fl=/build/glibc-Cl5G7W/glibc-2.23/time/../sysdeps/unix/sysv/linux/x86/time.c
fn=time
37 1 0 0 0 0 0 0 0 0
38 11 1 1 0 0 0 4 0 0
41 3 0 0 0 0 0 1 0 0
42 3 1 1 0 0 0 0 0 0
43 2 0 0 1 0 0 0 0 0
fl=/build/glibc-Cl5G7W/glibc-2.23/wcsmbs/./wcsmbsload.h
fn=btowc
71 384 0 0 128 1 0 0 0 0
73 384 1 1 0 0 0 0 0 0
74 128 0 0 0 0 0 0 0 0
fl=/build/glibc-Cl5G7W/glibc-2.23/wcsmbs/btowc.c
fn=btowc
33 640 0 0 0 0 0 384 0 0
38 1280 1 1 0 0 0 0 0 0
43 768 0 0 0 0 0 0 0 0
47 384 1 1 384 1 0 0 0 0
48 256 0 0 256 1 0 0 0 0
51 512 0 0 128 1 0 0 0 0
55 256 0 0 128 1 0 0 0 0
58 640 0 0 128 0 0 256 0 0
99 768 1 1 640 0 0 0 0 0
fl=/build/glibc-Cl5G7W/glibc-2.23/wcsmbs/wctob.c
fn=wctob
40 256 1 1 0 0 0 0 0 0
45 256 0 0 0 0 0 0 0 0
46 256 0 0 128 0 0 0 0 0
fl=/build/glibc-Cl5G7W/glibc-2.23/wctype/wctype_l.c
fn=wctype_l
27 90 1 1 0 0 0 60 0 0
30 20 1 1 0 0 0 10 0 0
33 30 0 0 20 1 0 0 0 0
34 58 0 0 0 0 0 0 0 0
36 174 0 0 0 0 0 58 0 0
38 410 0 0 0 0 0 49 0 0
41 48 0 0 0 0 0 0 0 0
42 96 0 0 48 0 0 0 0 0
47 20 1 1 20 3 0 0 0 0
48 80 0 0 70 0 0 0 0 0
fl=???
fn=???
0 2476 171 162 1425 129 7 471 23 14
fn=Bmp256::Bmp256(int, int)
0 49 3 3 20 0 0 14 0 0
fn=Bmp256::Header::Header()
0 32 2 2 15 0 0 15 0 0
fn=Bmp256::calc_palette()
0 5137 6 6 1028 0 0 260 0 0
fn=Bmp256::{unnamed type#1}::set(unsigned char, unsigned char, unsigned char)
0 5397 0 0 2313 0 0 2313 0 0
fn=_GLOBAL__sub_I__ZN6Bmp256C2Eii
0 7 1 1 2 0 0 2 0 0
fn=_GLOBAL__sub_I_main
0 8 0 0 0 0 0 1 0 0
fn=__cpu_indicator_init
0 88 8 8 19 2 1 13 0 0
fn=__cxa_guard_acquire
0 37 3 3 12 1 0 7 0 0
fn=__cxa_guard_release
0 15 2 2 7 0 0 1 0 0
fn=__cxxabiv1::__si_class_type_info::__do_dyncast(long, __cxxabiv1::__class_type_info::__sub_kind, __cxxabiv1::__class_type_info const*, void const*, __cxxabiv1::__class_type_info const*, void const*, __cxxabiv1::__class_type_info::__dyncast_result&) const
0 1360 3 3 440 1 0 360 0 0
fn=__cxxabiv1::__vmi_class_type_info::__do_dyncast(long, __cxxabiv1::__class_type_info::__sub_kind, __cxxabiv1::__class_type_info const*, void const*, __cxxabiv1::__class_type_info const*, void const*, __cxxabiv1::__class_type_info::__dyncast_result&) const
0 528 6 6 208 2 1 144 0 0
fn=__dynamic_cast
0 2496 4 4 912 15 0 624 0 0
fn=__libc_csu_init
0 48 3 3 10 3 0 10 0 0
fn=__static_initialization_and_destruction_0(int, int)
0 18 1 1 4 0 0 5 0 0
fn=_start
0 11 2 2 1 0 0 3 0 0
fn=bool std::has_facet<std::ctype<char> >(std::locale const&)
0 84 2 2 36 1 0 12 0 0
fn=bool std::has_facet<std::ctype<wchar_t> >(std::locale const&)
0 84 2 2 36 1 0 12 0 0
fn=bool std::has_facet<std::num_get<char, std::istreambuf_iterator<char, std::char_traits<char> > > >(std::locale const&)
0 84 1 1 36 0 0 12 0 0
fn=bool std::has_facet<std::num_get<wchar_t, std::istreambuf_iterator<wchar_t, std::char_traits<wchar_t> > > >(std::locale const&)
0 84 1 1 36 0 0 12 0 0
fn=bool std::has_facet<std::num_put<char, std::ostreambuf_iterator<char, std::char_traits<char> > > >(std::locale const&)
0 84 2 2 36 2 0 12 0 0
fn=bool std::has_facet<std::num_put<wchar_t, std::ostreambuf_iterator<wchar_t, std::char_traits<wchar_t> > > >(std::locale const&)
0 84 2 2 36 1 0 12 0 0
fn=main
0 8167567631 5 5 49388054 2 2 24694027 385844 385844
fn=operator new(unsigned long)
0 11 1 1 2 0 0 2 0 0
fn=operator new[](unsigned long)
0 4 1 1 1 0 0 1 0 0
fn=std::__cxx11::messages<char>::messages(unsigned long)
0 19 1 1 4 0 0 8 1 1
fn=std::__cxx11::messages<wchar_t>::messages(unsigned long)
0 19 2 2 4 0 0 8 0 0
fn=std::__cxx11::moneypunct<char, false>::_M_initialize_moneypunct(__locale_struct*, char const*)
0 112 4 4 37 1 1 31 0 0
fn=std::__cxx11::moneypunct<char, true>::_M_initialize_moneypunct(__locale_struct*, char const*)
0 112 6 6 37 0 0 31 0 0
fn=std::__cxx11::moneypunct<wchar_t, false>::_M_initialize_moneypunct(__locale_struct*, char const*)
0 108 7 7 29 1 0 32 0 0
fn=std::__cxx11::moneypunct<wchar_t, true>::_M_initialize_moneypunct(__locale_struct*, char const*)
0 108 7 7 29 0 0 32 0 0
fn=std::__cxx11::numpunct<char>::_M_initialize_numpunct(__locale_struct*)
0 413 6 6 136 5 2 75 0 0
fn=std::__cxx11::numpunct<wchar_t>::_M_initialize_numpunct(__locale_struct*)
0 349 6 6 73 1 0 75 3 3
fn=std::__timepunct<char>::_M_initialize_timepunct(__locale_struct*)
0 107 12 12 6 0 0 52 0 0
fn=std::__timepunct<char>::__timepunct(std::__timepunct_cache<char>*, unsigned long)
0 22 2 2 4 0 0 9 1 1
fn=std::__timepunct<wchar_t>::_M_initialize_timepunct(__locale_struct*)
0 105 11 11 5 0 0 51 0 0
fn=std::__timepunct<wchar_t>::__timepunct(std::__timepunct_cache<wchar_t>*, unsigned long)
0 22 2 2 4 1 0 9 0 0
fn=std::basic_ios<char, std::char_traits<char> >::_M_cache_locale(std::locale const&)
0 120 2 2 12 0 0 44 0 0
fn=std::basic_ios<char, std::char_traits<char> >::init(std::basic_streambuf<char, std::char_traits<char> >*)
0 88 2 2 12 0 0 40 0 0
fn=std::basic_ios<wchar_t, std::char_traits<wchar_t> >::_M_cache_locale(std::locale const&)
0 120 2 2 12 0 0 44 0 0
fn=std::basic_ios<wchar_t, std::char_traits<wchar_t> >::init(std::basic_streambuf<wchar_t, std::char_traits<wchar_t> >*)
0 88 2 2 12 0 0 40 0 0
fn=std::chrono::_V2::steady_clock::now()
0 14 2 2 6 0 0 2 0 0
fn=std::codecvt<char, char, __mbstate_t>::codecvt(unsigned long)
0 17 1 1 4 0 0 6 2 2
fn=std::codecvt<wchar_t, char, __mbstate_t>::codecvt(unsigned long)
0 17 2 2 4 1 0 6 1 1
fn=std::ctype<char> const& std::use_facet<std::ctype<char> >(std::locale const&)
0 76 2 2 36 0 0 12 0 0
fn=std::ctype<char>::ctype(unsigned short const*, bool, unsigned long)
0 116 4 4 8 1 0 79 9 9
fn=std::ctype<wchar_t> const& std::use_facet<std::ctype<wchar_t> >(std::locale const&)
0 76 2 2 36 0 0 12 0 0
fn=std::ctype<wchar_t>::_M_convert_to_wmask(unsigned short) const
0 137 6 6 12 0 0 0 0 0
fn=std::ctype<wchar_t>::_M_initialize_ctype()
0 2757 4 4 5 0 0 810 20 20
fn=std::ctype<wchar_t>::ctype(unsigned long)
0 19 2 2 3 0 0 7 1 1
fn=std::error_category::error_category()
0 8 1 1 4 1 0 2 0 0
fn=std::future_category()
0 16 3 3 2 1 1 3 0 0
fn=std::ios_base::Init::Init()
0 289 32 31 53 16 0 173 15 13
fn=std::ios_base::_M_init()
0 192 2 2 48 0 0 72 0 0
fn=std::ios_base::ios_base()
0 472 4 4 8 1 0 216 31 26
fn=std::locale::_Impl::_Impl(unsigned long)
0 1025 69 69 75 27 1 456 51 50
fn=std::locale::_Impl::_M_install_facet(std::locale::id const*, std::locale::facet const*)
0 12240 4 4 4560 1 0 240 0 0
fn=std::locale::facet::_S_create_c_locale(__locale_struct*&, char const*, __locale_struct*)
0 9 2 2 2 0 0 3 0 0
fn=std::locale::facet::_S_get_c_locale()
0 140 1 1 56 0 0 28 0 0
fn=std::locale::facet::_S_get_c_name()
0 14 1 1 7 0 0 0 0 0
fn=std::locale::id::_M_id() const
0 908 1 1 354 9 6 46 0 0
fn=std::locale::locale()
0 418 2 2 198 1 0 132 3 2
fn=std::locale::operator=(std::locale const&)
0 152 2 2 80 0 0 16 0 0
fn=std::locale::~locale()
0 80 2 2 48 0 0 8 0 0
fn=std::messages<char>::messages(unsigned long)
0 19 2 2 4 0 0 8 1 1
fn=std::messages<wchar_t>::messages(unsigned long)
0 19 2 2 4 0 0 8 0 0
fn=std::moneypunct<char, false>::_M_initialize_moneypunct(__locale_struct*, char const*)
0 112 6 6 37 0 0 31 0 0
fn=std::moneypunct<char, true>::_M_initialize_moneypunct(__locale_struct*, char const*)
0 112 4 4 37 0 0 31 0 0
fn=std::moneypunct<wchar_t, false>::_M_initialize_moneypunct(__locale_struct*, char const*)
0 108 6 6 29 0 0 32 0 0
fn=std::moneypunct<wchar_t, true>::_M_initialize_moneypunct(__locale_struct*, char const*)
0 108 6 6 29 0 0 32 0 0
fn=std::num_get<char, std::istreambuf_iterator<char, std::char_traits<char> > > const& std::use_facet<std::num_get<char, std::istreambuf_iterator<char, std::char_traits<char> > > >(std::locale const&)
0 76 1 1 36 0 0 12 0 0
fn=std::num_get<wchar_t, std::istreambuf_iterator<wchar_t, std::char_traits<wchar_t> > > const& std::use_facet<std::num_get<wchar_t, std::istreambuf_iterator<wchar_t, std::char_traits<wchar_t> > > >(std::locale const&)
0 76 2 2 36 0 0 12 0 0
fn=std::num_put<char, std::ostreambuf_iterator<char, std::char_traits<char> > > const& std::use_facet<std::num_put<char, std::ostreambuf_iterator<char, std::char_traits<char> > > >(std::locale const&)
0 76 2 2 36 0 0 12 0 0
fn=std::num_put<wchar_t, std::ostreambuf_iterator<wchar_t, std::char_traits<wchar_t> > > const& std::use_facet<std::num_put<wchar_t, std::ostreambuf_iterator<wchar_t, std::char_traits<wchar_t> > > >(std::locale const&)
0 76 2 2 36 0 0 12 0 0
fn=std::numpunct<char>::_M_initialize_numpunct(__locale_struct*)
0 413 6 6 136 0 0 75 1 0
fn=std::numpunct<wchar_t>::_M_initialize_numpunct(__locale_struct*)
0 349 6 6 73 0 0 75 0 0
summary: 8169786015 1481 1424 49936265 13969 7938 24891820 388157 387348
