desc: I1 cache:         32768 B, 64 B, 8-way associative
desc: D1 cache:         32768 B, 64 B, 8-way associative
desc: LL cache:         8388608 B, 64 B, 16-way associative
cmd: ./test
events: Ir I1mr ILmr Dr D1mr DLmr Dw D1mw DLmw 
fl=/build/glibc-Cl5G7W/glibc-2.23/csu/../csu/init-first.c
fn=_init
52 8 1 1 0 0 0 4 0 0
58 4 1 1 1 1 0 1 1 1
65 5 1 1 4 2 0 0 0 0
70 1 0 0 0 0 0 1 1 1
71 1 0 0 0 0 0 1 1 1
72 2 0 0 1 1 0 1 1 1
86 4 0 0 0 0 0 1 0 0
94 1 0 0 0 0 0 1 0 0
99 6 0 0 5 0 0 0 0 0
fl=/build/glibc-Cl5G7W/glibc-2.23/csu/../csu/libc-start.c
fn=(below main)
134 10 1 1 0 0 0 8 0 0
138 7 1 1 1 1 0 1 0 0
220 2 1 1 0 0 0 0 0 0
221 4 0 0 0 0 0 1 0 0
243 4 0 0 2 0 0 0 0 0
246 2 0 0 0 0 0 0 0 0
247 5 0 0 4 0 0 1 0 0
251 4 1 1 2 1 0 0 0 0
266 2 0 0 0 0 0 0 0 0
278 2 0 0 0 0 0 1 0 0
279 2 0 0 0 0 0 0 0 0
284 2 0 0 1 1 0 1 0 0
285 2 1 0 1 1 0 1 1 0
288 2 0 0 0 0 0 1 0 0
291 6 0 0 5 2 0 1 0 0
325 2 0 0 0 0 0 1 0 0
fl=/build/glibc-Cl5G7W/glibc-2.23/csu/../sysdeps/generic/dl-hash.h
fn=_init
45 12 0 0 4 1 0 0 0 0
48 12 0 0 0 0 0 0 0 0
62 16 0 0 0 0 0 0 0 0
fl=/build/glibc-Cl5G7W/glibc-2.23/csu/../sysdeps/unix/sysv/linux/x86_64/init-first.c
fn=_init
36 11 2 2 0 0 0 4 0 0
38 4 0 0 0 0 0 1 0 0
39 2 0 0 0 0 0 0 0 0
40 2 1 1 0 0 0 0 0 0
41 2 1 1 1 0 0 0 0 0
42 1 0 0 0 0 0 1 0 0
44 3 0 0 0 0 0 1 0 0
45 2 0 0 1 0 0 0 0 0
46 1 0 0 0 0 0 1 0 0
fl=/build/glibc-Cl5G7W/glibc-2.23/ctype/ctype-info.c
fn=__ctype_init
31 7 2 2 5 2 0 1 0 0
33 4 0 0 2 1 0 1 0 0
35 5 0 0 3 1 0 1 0 0
fl=/build/glibc-Cl5G7W/glibc-2.23/elf/../elf/dl-runtime.c
fn=_dl_fixup
66 243 1 1 0 0 0 81 0 0
68 81 0 0 81 0 0 0 0 0
69 162 1 1 162 2 0 0 0 0
71 324 0 0 81 5 0 0 0 0
72 81 0 0 81 4 0 0 0 0
73 567 0 0 162 77 0 81 0 0
74 243 0 0 162 6 0 0 0 0
79 162 1 1 0 0 0 0 0 0
83 162 0 0 81 80 43 0 0 0
87 243 0 0 81 5 0 0 0 0
91 81 0 0 81 5 0 0 0 0
92 405 0 0 162 65 0 0 0 0
94 324 1 1 81 13 0 0 0 0
100 81 0 0 0 0 0 0 0 0
101 243 0 0 81 0 0 0 0 0
111 810 1 1 162 5 0 243 0 0
115 405 0 0 243 0 0 0 0 0
125 486 0 0 162 1 0 0 0 0
133 81 0 0 81 0 0 0 0 0
141 324 0 0 81 0 0 0 0 0
145 243 1 1 81 1 0 0 0 0
149 243 0 0 162 0 0 0 0 0
fl=/build/glibc-Cl5G7W/glibc-2.23/elf/../elf/dl-sysdep.c
fn=_dl_sysdep_start
86 8 1 1 0 0 0 6 1 1
110 1 0 0 0 0 0 1 0 0
111 245 1 1 80 10 10 4 3 3
114 2 0 0 0 0 0 1 0 0
115 1 0 0 0 0 0 1 0 0
117 136 6 6 35 6 6 17 1 1
118 110 0 0 18 2 2 0 0 0
121 1 0 0 1 0 0 0 0 0
122 1 0 0 0 0 0 0 0 0
124 1 1 1 1 0 0 0 0 0
125 1 0 0 0 0 0 0 0 0
127 1 1 1 1 0 0 0 0 0
128 2 0 0 0 0 0 0 0 0
130 1 0 0 1 0 0 0 0 0
131 2 0 0 0 0 0 0 0 0
151 1 1 1 1 0 0 0 0 0
152 2 0 0 0 0 0 0 0 0
154 1 0 0 1 0 0 0 0 0
155 2 0 0 0 0 0 0 0 0
157 2 1 1 1 0 0 1 0 0
158 2 0 0 0 0 0 0 0 0
163 2 0 0 1 0 0 1 0 0
164 2 0 0 0 0 0 1 0 0
179 2 0 0 1 0 0 1 0 0
180 2 0 0 0 0 0 1 0 0
231 2 0 0 0 0 0 0 0 0
232 2 0 0 0 0 0 2 0 0
234 5 1 1 0 0 0 1 0 0
246 3 0 0 1 0 0 0 0 0
249 5 0 0 1 0 0 1 0 0
250 1 1 0 1 1 0 0 0 0
251 8 1 0 7 1 0 0 0 0
fn=_dl_sysdep_start_cleanup
256 1 1 0 1 0 0 0 0 0
fl=/build/glibc-Cl5G7W/glibc-2.23/elf/../misc/sbrk.c
fn=sbrk
34 4 1 1 0 0 0 2 0 0
42 6 0 0 2 1 1 0 0 0
46 2 0 0 0 0 0 0 0 0
62 5 1 1 3 0 0 0 0 0
fl=/build/glibc-Cl5G7W/glibc-2.23/elf/../string/bits/string2.h
fn=handle_ld_preload
961 213 1 1 53 0 0 0 0 0
962 163 0 0 0 0 0 0 0 0
963 105 0 0 0 0 0 0 0 0
fl=/build/glibc-Cl5G7W/glibc-2.23/elf/../sysdeps/posix/dl-fileid.h
fn=_dl_map_object_from_fd
37 30 1 1 0 0 0 5 0 0
40 5 0 0 5 0 0 0 0 0
41 10 0 0 5 0 0 5 0 0
49 60 1 1 30 1 1 0 0 0
fl=/build/glibc-Cl5G7W/glibc-2.23/elf/../sysdeps/unix/sysv/linux/dl-osinfo.h
fn=dl_main
77 1 0 0 1 0 0 0 0 0
fl=/build/glibc-Cl5G7W/glibc-2.23/elf/../sysdeps/unix/sysv/linux/dl-sysdep.c
fn=_dl_discover_osversion
45 7 2 2 0 0 0 6 0 0
47 3 0 0 1 0 0 0 0 0
87 5 1 1 0 0 0 1 1 1
102 1 0 0 0 0 0 0 0 0
106 1 0 0 0 0 0 0 0 0
107 1 0 0 0 0 0 0 0 0
109 12 0 0 3 1 1 0 0 0
111 6 1 1 0 0 0 0 0 0
113 17 0 0 4 0 0 0 0 0
115 1 0 0 0 0 0 0 0 0
116 2 0 0 0 0 0 0 0 0
119 3 0 0 0 0 0 0 0 0
120 3 0 0 0 0 0 0 0 0
121 3 0 0 0 0 0 0 0 0
123 13 0 0 0 0 0 0 0 0
128 2 1 1 0 0 0 0 0 0
132 8 1 1 7 0 0 0 0 0
fn=_dl_sysdep_start
35 2 0 0 0 0 0 1 0 0
fl=/build/glibc-Cl5G7W/glibc-2.23/elf/../sysdeps/unix/sysv/linux/dl-vdso.c
fn=_dl_vdso_vsym
27 8 1 1 8 1 0 0 0 0
28 8 1 1 4 0 0 0 0 0
31 8 0 0 0 0 0 0 0 0
fl=/build/glibc-Cl5G7W/glibc-2.23/elf/../sysdeps/unix/sysv/linux/x86_64/brk.c
fn=brk
31 7 2 2 0 0 0 1 1 1
33 2 0 0 0 0 0 0 0 0
39 1 0 0 0 0 0 0 0 0
40 1 0 0 1 0 0 0 0 0
fl=/build/glibc-Cl5G7W/glibc-2.23/elf/../sysdeps/x86/cpu-features.c
fn=_dl_sysdep_start
29 5 1 1 0 0 0 3 0 0
32 1 0 0 0 0 0 1 0 0
33 3 0 0 0 0 0 0 0 0
34 3 0 0 0 0 0 0 0 0
35 3 0 0 0 0 0 0 0 0
36 2 1 1 0 0 0 0 0 0
41 2 0 0 0 0 0 0 0 0
61 3 1 1 0 0 0 1 0 0
64 10 0 0 0 0 0 0 0 0
68 3 1 1 0 0 0 0 0 0
73 3 0 0 0 0 0 0 0 0
76 1 0 0 0 0 0 0 0 0
77 8 1 1 1 1 1 0 0 0
112 2 1 1 1 0 0 0 0 0
134 2 1 1 1 1 1 0 0 0
175 3 1 1 1 0 0 0 0 0
176 1 0 0 1 0 0 0 0 0
179 2 0 0 0 0 0 0 0 0
180 1 1 1 1 0 0 0 0 0
182 2 0 0 1 0 0 0 0 0
183 7 0 0 0 0 0 4 0 0
190 3 0 0 1 0 0 0 0 0
194 2 0 0 0 0 0 0 0 0
196 4 1 1 0 0 0 0 0 0
200 2 1 1 0 0 0 0 0 0
201 1 0 0 1 0 0 0 0 0
207 3 0 0 1 0 0 0 0 0
209 1 1 1 1 0 0 0 0 0
212 3 0 0 0 0 0 0 0 0
228 2 0 0 0 0 0 0 0 0
229 1 0 0 1 0 0 0 0 0
231 2 0 0 1 0 0 0 0 0
247 4 1 1 0 0 0 0 0 0
248 4 1 1 0 0 0 0 0 0
251 2 1 1 0 0 0 1 0 0
252 2 0 0 1 0 0 0 0 0
258 1 0 0 0 0 0 1 0 0
259 1 0 0 0 0 0 1 0 0
260 1 0 0 0 0 0 1 0 0
fl=/build/glibc-Cl5G7W/glibc-2.23/elf/../sysdeps/x86_64/dl-irel.h
fn=_dl_fixup
32 2 1 1 0 0 0 1 0 0
fl=/build/glibc-Cl5G7W/glibc-2.23/elf/../sysdeps/x86_64/dl-machine.h
fn=_dl_fixup
235 81 0 0 0 0 0 81 0 0
fn=_dl_relocate_object
76 42 0 0 7 0 0 0 0 0
82 12 0 0 12 4 0 0 0 0
86 18 0 0 6 6 5 0 0 0
92 6 1 1 0 0 0 6 0 0
100 18 0 0 6 0 0 0 0 0
102 6 0 0 6 1 0 0 0 0
120 12 0 0 0 0 0 0 0 0
123 30 1 1 0 0 0 6 0 0
129 27 0 0 7 7 2 0 0 0
269 6452 0 0 0 0 0 0 0 0
290 6452 0 0 0 0 0 0 0 0
294 6452 0 0 0 0 0 0 0 0
301 151786 15 15 31642 1715 1272 19321 5 0
303 16043 0 0 6410 8 1 0 0 0
306 12820 1 1 3205 0 0 0 0 0
312 19356 0 0 3226 8 3 0 0 0
345 6 1 1 0 0 0 0 0 0
346 9 0 0 3 1 0 3 1 1
353 6 0 0 2 0 0 0 0 0
364 8 0 0 4 0 0 2 0 0
407 45 1 1 15 0 0 0 0 0
411 75 0 0 15 0 0 0 0 0
425 75 0 0 30 1 1 15 7 7
435 9615 1 1 3205 400 400 3205 1109 416
447 18 0 0 0 0 0 6 0 0
474 3 1 1 1 0 0 0 0 0
478 7 1 1 3 1 0 2 0 0
480 4 0 0 3 0 0 0 0 0
481 1 0 0 0 0 0 0 0 0
512 5820 0 0 1940 488 486 0 0 0
517 3880 0 0 0 0 0 0 0 0
518 5820 0 0 1940 243 243 1940 442 436
528 1756 0 0 889 0 0 0 0 0
532 1734 0 0 0 0 0 0 0 0
534 2601 0 0 867 0 0 0 0 0
535 867 0 0 867 110 108 0 0 0
554 66 0 0 44 0 0 22 0 0
555 22 0 0 0 0 0 22 0 0
fn=_dl_start
59 3 0 0 1 1 1 0 0 0
266 6 0 0 0 0 0 0 0 0
294 12 0 0 0 0 0 0 0 0
303 24 0 0 12 2 2 0 0 0
306 24 0 0 6 4 4 0 0 0
312 37 0 0 6 1 1 0 0 0
425 12 1 1 6 0 0 6 1 1
517 20 0 0 10 1 1 0 0 0
518 30 1 1 10 2 2 10 2 2
fn=_dl_sysdep_start
223 5 0 0 2 1 1 0 0 0
fl=/build/glibc-Cl5G7W/glibc-2.23/elf/../sysdeps/x86_64/dl-trampoline.h
fn=_dl_runtime_resolve_avx
64 81 1 1 0 0 0 81 0 0
67 81 0 0 0 0 0 0 0 0
69 81 0 0 0 0 0 0 0 0
71 81 0 0 0 0 0 0 0 0
74 81 1 1 0 0 0 81 0 0
75 81 0 0 0 0 0 81 0 0
76 81 0 0 0 0 0 81 0 0
77 81 0 0 0 0 0 81 0 0
78 81 0 0 0 0 0 81 0 0
79 81 0 0 0 0 0 81 0 0
80 81 0 0 0 0 0 81 0 0
81 81 0 0 0 0 0 81 0 0
82 81 1 1 0 0 0 81 0 0
83 81 0 0 0 0 0 81 0 0
84 81 0 0 0 0 0 81 0 0
85 81 0 0 0 0 0 81 0 0
86 81 0 0 0 0 0 81 0 0
87 81 0 0 0 0 0 81 0 0
88 81 0 0 0 0 0 81 0 0
93 81 0 0 0 0 0 0 0 0
94 81 1 1 0 0 0 0 0 0
95 81 0 0 0 0 0 0 0 0
96 81 0 0 0 0 0 0 0 0
110 81 0 0 81 0 0 0 0 0
111 81 0 0 81 0 0 0 0 0
112 81 0 0 0 0 0 81 0 0
113 81 0 0 0 0 0 0 0 0
118 81 0 0 0 0 0 0 0 0
119 81 0 0 0 0 0 0 0 0
120 81 1 1 0 0 0 0 0 0
121 81 0 0 0 0 0 0 0 0
134 81 0 0 81 0 0 0 0 0
135 81 0 0 81 0 0 0 0 0
136 81 0 0 81 0 0 0 0 0
137 81 0 0 81 0 0 0 0 0
138 81 0 0 81 0 0 0 0 0
139 81 0 0 81 0 0 0 0 0
140 81 1 1 81 0 0 0 0 0
141 81 0 0 81 0 0 0 0 0
142 81 0 0 81 0 0 0 0 0
143 81 0 0 81 0 0 0 0 0
144 81 0 0 81 0 0 0 0 0
145 81 0 0 81 0 0 0 0 0
146 81 0 0 81 0 0 0 0 0
147 81 0 0 81 0 0 0 0 0
148 81 0 0 81 0 0 0 0 0
150 81 0 0 0 0 0 0 0 0
152 81 1 1 81 0 0 0 0 0
156 81 0 0 0 0 0 0 0 0
159 81 0 0 0 0 0 0 0 0
fl=/build/glibc-Cl5G7W/glibc-2.23/elf/./dl-load.h
fn=_dl_map_object_from_fd
90 20 0 0 0 0 0 0 0 0
91 15 0 0 10 0 0 5 0 0
93 20 1 1 10 0 0 0 0 0
94 20 1 1 12 0 0 0 0 0
95 44 1 1 12 0 0 0 0 0
98 16 0 0 0 0 0 4 0 0
fl=/build/glibc-Cl5G7W/glibc-2.23/elf/./dl-map-segments.h
fn=_dl_map_object_from_fd
56 55 2 2 20 0 0 15 0 0
60 15 0 0 5 0 0 0 0 0
63 15 1 1 5 0 0 5 0 0
64 10 0 0 0 0 0 5 0 0
66 10 0 0 5 0 0 0 0 0
72 35 0 0 10 0 0 5 0 0
73 20 2 2 10 0 0 0 0 0
76 10 0 0 10 0 0 0 0 0
86 50 0 0 10 0 0 0 0 0
88 20 0 0 10 0 0 0 0 0
90 70 1 1 25 0 0 10 0 0
100 40 0 0 20 0 0 0 0 0
106 10 0 0 5 0 0 0 0 0
107 5 0 0 0 0 0 0 0 0
108 25 0 0 5 0 0 0 0 0
109 10 0 0 0 0 0 0 0 0
116 10 0 0 0 0 0 0 0 0
119 10 2 2 0 0 0 0 0 0
127 60 1 1 15 0 0 20 0 0
133 10 0 0 0 0 0 0 0 0
137 18 1 1 0 0 0 4 0 0
140 6 1 1 2 0 0 0 0 0
145 10 1 1 0 0 0 0 0 0
fl=/build/glibc-Cl5G7W/glibc-2.23/elf/dl-addr.c
fn=_dl_addr
30 2 0 0 1 0 0 1 0 0
31 2 0 0 1 0 0 1 0 0
34 2 0 0 1 0 0 0 0 0
38 1 1 1 1 0 0 0 0 0
39 1 0 0 1 0 0 0 0 0
40 3 0 0 2 0 0 1 0 0
42 2 0 0 2 0 0 0 0 0
45 2 0 0 1 1 0 0 0 0
50 2030 0 0 2 0 0 0 0 0
52 1011 1 1 1011 62 21 0 0 0
53 2022 0 0 0 0 0 0 0 0
55 3628 0 0 907 0 0 0 0 0
61 11175 1 1 2235 481 438 0 0 0
63 8940 0 0 2235 0 0 0 0 0
64 16328 0 0 5110 355 325 0 0 0
69 2235 0 0 0 0 0 0 0 0
71 9044 1 1 2235 135 84 0 0 0
99 3 1 1 1 1 0 0 0 0
100 1 0 0 0 0 0 1 1 0
101 3 0 0 1 0 0 0 0 0
104 2 0 0 0 0 0 0 0 0
116 1 1 1 0 0 0 1 1 0
117 1 0 0 0 0 0 1 0 0
126 11 1 1 0 0 0 8 0 0
131 3 1 1 2 0 0 1 0 0
133 2 0 0 0 0 0 1 0 0
135 2 0 0 0 0 0 0 0 0
138 2 0 0 0 0 0 0 0 0
141 2 1 1 1 1 0 1 1 0
144 9 0 0 7 0 0 0 0 0
fl=/build/glibc-Cl5G7W/glibc-2.23/elf/dl-altinit.c
fn=dlinit_alt
33 3 1 1 2 0 0 0 0 0
34 1 0 0 1 0 0 0 0 0
fl=/build/glibc-Cl5G7W/glibc-2.23/elf/dl-cache.c
fn=_dl_cache_libcmp
138 135 1 1 90 36 36 0 0 0
139 498 0 0 0 0 0 0 0 0
141 732 0 0 0 0 0 0 0 0
143 254 0 0 0 0 0 0 0 0
149 10 1 1 0 0 0 0 0 0
150 10 0 0 0 0 0 0 0 0
151 25 0 0 5 0 0 0 0 0
153 25 1 1 5 0 0 0 0 0
155 10 0 0 0 0 0 0 0 0
161 478 1 1 0 0 0 0 0 0
163 876 0 0 398 0 0 0 0 0
164 80 0 0 40 0 0 0 0 0
167 199 0 0 0 0 0 0 0 0
168 199 0 0 0 0 0 0 0 0
171 15 0 0 5 0 0 0 0 0
fn=_dl_load_cache_lookup
185 36 1 1 0 0 0 24 0 0
193 8 0 0 4 0 0 0 0 0
196 12 0 0 4 0 0 0 0 0
199 5 2 2 0 0 0 1 1 1
207 5 0 0 1 0 0 0 0 0
208 6 1 1 0 0 0 1 0 0
212 1 0 0 0 0 0 1 0 0
215 4 0 0 1 0 0 0 0 0
218 2 0 0 0 0 0 1 0 0
219 3 0 0 0 0 0 0 0 0
220 6 1 1 0 0 0 1 0 0
241 12 0 0 6 0 0 0 0 0
247 8 1 1 0 0 0 0 0 0
256 20 0 0 0 0 0 8 0 0
262 16 0 0 0 0 0 8 0 0
266 16 1 1 8 0 0 8 0 0
281 1052 8 8 190 30 30 102 0 0
297 8 0 0 4 0 0 0 0 0
301 8 0 0 4 0 0 0 0 0
309 36 1 1 4 0 0 4 0 0
310 12 0 0 0 0 0 4 0 0
311 8 0 0 0 0 0 4 0 0
312 32 0 0 28 0 0 0 0 0
fn=_dl_unload_cache
321 1 0 0 0 0 0 0 0 0
322 4 1 1 1 1 0 0 0 0
324 2 0 0 1 0 0 1 0 0
325 1 0 0 0 0 0 1 0 0
327 2 0 0 1 0 0 0 0 0
fl=/build/glibc-Cl5G7W/glibc-2.23/elf/dl-debug.c
fn=_dl_debug_initialize
50 14 1 1 0 0 0 0 0 0
51 7 1 1 7 0 0 0 0 0
55 26 0 0 7 0 0 0 0 0
58 1 0 0 0 0 0 1 0 0
59 9 0 0 6 0 0 1 0 0
60 5 1 1 1 0 0 1 0 0
61 2 0 0 0 0 0 1 0 0
64 1 0 0 1 0 0 0 0 0
fn=_dl_debug_state
74 2 0 0 2 0 0 0 0 0
fl=/build/glibc-Cl5G7W/glibc-2.23/elf/dl-deps.c
fn=_dl_map_object_deps
144 4 0 0 0 0 0 2 0 0
145 2 1 1 0 0 0 2 0 0
146 7 0 0 0 0 0 2 0 0
152 9 0 0 2 0 0 3 0 0
160 11 0 0 0 0 0 9 0 0
161 9 2 2 0 0 0 0 0 0
178 14 1 1 1 0 0 1 0 0
179 2 0 0 1 0 0 0 0 0
182 3 1 1 0 0 0 2 0 0
188 2 0 0 0 0 0 2 0 0
189 1 0 0 0 0 0 1 0 0
201 2 0 0 1 0 0 1 0 0
202 2 1 1 0 0 0 1 0 0
203 1 0 0 0 0 0 1 0 0
204 2 0 0 0 0 0 2 0 0
209 9 2 2 0 0 0 8 0 0
210 4 0 0 0 0 0 0 0 0
213 7 0 0 0 0 0 7 0 0
217 14 0 0 7 0 0 0 0 0
218 46 2 2 20 1 1 0 0 0
220 5 0 0 0 0 0 0 0 0
222 20 0 0 10 0 0 5 0 0
224 30 1 1 2 0 0 6 0 0
229 22 0 0 11 0 0 0 0 0
231 15 0 0 10 0 0 5 0 0
236 5 0 0 0 0 0 5 0 0
237 5 0 0 0 0 0 5 0 0
238 10 0 0 5 0 0 5 0 0
239 10 1 1 5 0 0 5 0 0
242 572 0 0 148 1 0 0 0 0
243 266 1 1 0 0 0 0 0 0
249 70 0 0 20 0 0 10 0 0
251 10 0 0 0 0 0 10 0 0
254 60 1 1 40 0 0 10 0 0
256 30 0 0 10 0 0 0 0 0
271 10 0 0 10 0 0 0 0 0
273 20 0 0 10 0 0 0 0 0
278 15 1 1 0 0 0 0 0 0
281 5 0 0 0 0 0 5 1 1
282 5 0 0 0 0 0 5 0 0
283 5 0 0 0 0 0 5 0 0
284 10 0 0 5 0 0 5 0 0
286 5 0 0 5 0 0 0 0 0
288 30 1 1 5 0 0 10 0 0
292 30 0 0 10 0 0 0 0 0
293 24 0 0 0 0 0 8 1 1
295 369 0 0 0 0 0 0 0 0
317 9 1 1 0 0 0 4 0 0
338 12 1 1 0 0 0 6 0 0
459 21 1 1 7 0 0 0 0 0
461 15 0 0 0 0 0 5 0 0
463 20 1 1 0 0 0 5 0 0
465 10 0 0 0 0 0 0 0 0
468 5 0 0 0 0 0 5 0 0
469 25 0 0 5 0 0 5 0 0
470 25 0 0 0 0 0 5 0 0
473 5 0 0 0 0 0 5 0 0
474 5 0 0 5 0 0 0 0 0
478 40 1 1 20 0 0 0 0 0
480 7 1 1 7 0 0 0 0 0
481 33 0 0 7 0 0 0 0 0
485 6 1 1 2 0 0 0 0 0
486 1 0 0 0 0 0 1 0 0
489 5 1 1 2 0 0 1 0 0
499 5 0 0 1 0 0 1 0 0
502 2 1 1 0 0 0 0 0 0
507 9 0 0 3 0 0 1 0 0
508 9 0 0 7 0 0 1 0 0
510 21 0 0 7 0 0 0 0 0
516 21 1 1 0 0 0 7 2 2
520 21 0 0 21 0 0 0 0 0
523 3 0 0 1 0 0 1 0 0
574 3 1 1 2 0 0 0 0 0
575 1 0 0 0 0 0 1 0 0
576 3 0 0 1 0 0 0 0 0
611 8 1 1 1 0 0 2 0 0
613 2 0 0 0 0 0 0 0 0
614 1 0 0 0 0 0 1 0 0
617 16 1 1 0 0 0 1 0 0
618 5 1 1 0 0 0 0 0 0
619 5 0 0 1 0 0 1 0 0
623 32 1 1 8 0 0 16 0 0
624 16 0 0 8 0 0 0 0 0
630 61 1 1 8 0 0 0 0 0
632 68 0 0 34 0 0 0 0 0
633 46 0 0 0 0 0 0 0 0
635 117 0 0 39 0 0 0 0 0
636 87 1 1 0 0 0 0 0 0
640 20 0 0 0 0 0 12 0 0
642 2 0 0 0 0 0 2 0 0
644 18 0 0 12 0 0 0 0 0
651 14 0 0 0 0 0 8 0 0
653 8 1 1 6 0 0 2 0 0
655 8 0 0 5 0 0 0 0 0
658 15 1 1 0 0 0 0 0 0
661 22 0 0 6 0 0 0 0 0
664 70 1 1 15 0 0 15 0 0
671 2 1 1 1 0 0 1 0 0
673 2 0 0 1 0 0 1 0 0
674 1 0 0 1 0 0 0 0 0
675 3 0 0 1 0 0 0 0 0
682 3 1 1 1 0 0 0 0 0
685 3 0 0 1 0 0 0 0 0
688 8 0 0 7 0 0 0 0 0
fn=openaux
60 20 1 1 0 0 0 10 0 0
63 120 1 1 50 0 0 20 1 1
67 10 0 0 10 0 0 0 0 0
68 20 0 0 20 0 0 0 0 0
fl=/build/glibc-Cl5G7W/glibc-2.23/elf/dl-environ.c
fn=_dl_next_ld_env_entry
30 3 1 1 3 0 0 0 0 0
31 1 1 1 0 0 0 0 0 0
33 238 0 0 79 0 0 0 0 0
35 156 0 0 78 38 38 0 0 0
36 38 0 0 19 0 0 0 0 0
38 2 0 0 0 0 0 0 0 0
41 4 0 0 0 0 0 2 0 0
43 2 0 0 2 0 0 0 0 0
46 76 0 0 0 0 0 0 0 0
50 1 0 0 1 0 0 0 0 0
fl=/build/glibc-Cl5G7W/glibc-2.23/elf/dl-error.c
fn=_dl_catch_error
163 44 1 1 0 0 0 33 0 0
175 22 1 1 0 0 0 22 4 4
176 22 0 0 0 0 0 22 0 0
177 22 0 0 0 0 0 22 0 0
178 22 0 0 0 0 0 11 0 0
180 11 0 0 11 0 0 11 0 0
181 22 0 0 11 0 0 11 0 0
182 33 1 1 0 0 0 22 0 0
185 66 0 0 0 0 0 11 0 0
187 33 0 0 22 0 0 11 0 0
188 33 0 0 22 0 0 11 0 0
189 22 1 1 11 0 0 11 0 0
190 22 0 0 11 0 0 11 0 0
191 22 0 0 11 0 0 11 0 0
199 44 0 0 22 0 0 0 0 0
fn=_dl_receive_error
205 10 1 1 0 0 0 6 0 0
206 2 0 0 1 0 0 1 0 0
210 1 0 0 1 0 0 0 0 0
211 1 0 0 1 0 0 0 0 0
214 1 0 0 0 0 0 1 0 0
215 1 0 0 0 0 0 1 0 0
217 2 0 0 0 0 0 1 0 0
219 1 1 1 0 0 0 1 0 0
220 1 0 0 0 0 0 1 0 0
221 8 0 0 7 0 0 0 0 0
fl=/build/glibc-Cl5G7W/glibc-2.23/elf/dl-fini.c
fn=_dl_fini
31 1 0 0 0 0 0 1 0 0
33 2 1 1 0 0 0 0 0 0
38 3 0 0 0 0 0 1 0 0
39 9 0 0 0 0 0 1 0 0
40 3 0 0 0 0 0 1 0 0
44 24 1 1 8 0 0 8 0 0
45 24 0 0 16 0 0 0 0 0
49 32 0 0 16 0 0 0 0 0
55 16 0 0 8 0 0 0 0 0
56 51 1 1 23 0 0 0 0 0
58 85 1 1 51 1 0 0 0 0
59 46 0 0 0 0 0 0 0 0
61 117 0 0 39 4 0 0 0 0
62 87 0 0 0 0 0 0 0 0
67 20 1 1 4 0 0 10 0 0
69 4 0 0 2 0 0 2 0 0
79 18 1 1 12 0 0 0 0 0
81 4 0 0 1 0 0 1 0 0
86 12 0 0 2 0 0 4 0 0
87 6 1 1 2 0 0 2 0 0
92 45 1 1 15 0 0 0 0 0
113 15 0 0 0 0 0 0 0 0
117 30 0 0 6 0 0 6 0 0
120 56 1 1 18 0 0 5 0 0
130 8 2 2 0 0 0 6 0 0
147 1 0 0 0 0 0 1 0 0
150 15 0 0 3 1 0 1 0 0
153 2 1 1 1 1 0 1 0 0
155 1 0 0 1 1 0 0 0 0
158 2 0 0 0 0 0 0 0 0
160 6 1 1 3 0 0 0 0 0
165 1 0 0 0 0 0 1 0 0
168 9 0 0 0 0 0 1 0 0
173 22 0 0 7 1 0 0 0 0
175 14 1 1 7 3 0 0 0 0
177 14 0 0 0 0 0 0 0 0
179 14 0 0 0 0 0 7 0 0
180 7 0 0 0 0 0 7 6 0
181 7 0 0 0 0 0 0 0 0
185 7 0 0 7 3 0 0 0 0
187 9 1 1 1 0 0 1 0 0
188 2 0 0 1 0 0 0 0 0
192 2 0 0 1 0 0 1 0 0
201 3 0 0 2 0 0 1 0 0
206 20 0 0 10 0 0 0 0 0
208 7 1 1 7 0 0 0 0 0
210 21 0 0 7 0 0 0 0 0
213 14 0 0 0 0 0 7 0 0
216 21 0 0 7 6 0 0 0 0
217 6 1 1 2 2 0 0 0 0
220 10 0 0 5 0 0 0 0 0
229 10 0 0 10 4 0 0 0 0
232 15 1 1 10 2 0 0 0 0
234 40 0 0 5 5 0 0 0 0
235 10 0 0 5 5 0 5 0 0
239 10 0 0 0 0 0 0 0 0
240 15 1 1 10 5 0 5 0 0
246 42 0 0 14 0 0 0 0 0
262 14 0 0 7 0 0 0 0 0
268 6 1 1 2 0 0 0 0 0
270 1 0 0 0 0 0 1 0 0
274 2 0 0 1 0 0 0 0 0
281 8 0 0 7 0 0 0 0 0
fl=/build/glibc-Cl5G7W/glibc-2.23/elf/dl-hwcaps.c
fn=_dl_important_hwcaps
39 12 1 1 0 0 0 10 2 2
41 1 0 0 1 0 0 0 0 0
42 3 0 0 0 0 0 0 0 0
51 3 0 0 1 0 0 0 0 0
61 4 1 1 1 0 0 1 0 0
113 1 1 1 0 0 0 0 0 0
115 5 1 1 0 0 0 1 1 1
130 10 1 1 0 0 0 1 0 0
131 1 0 0 0 0 0 0 0 0
162 2 1 1 0 0 0 0 0 0
170 3 1 1 1 0 0 0 0 0
172 2 0 0 1 0 0 1 0 0
173 5 0 0 1 0 0 1 0 0
177 3 1 1 1 0 0 1 0 0
178 1 0 0 0 0 0 1 0 0
181 2 0 0 0 0 0 0 0 0
184 2 0 0 0 0 0 0 0 0
185 1 0 0 1 0 0 0 0 0
188 12 1 1 2 0 0 2 0 0
189 2 0 0 0 0 0 0 0 0
207 11 1 1 2 0 0 5 0 0
208 6 0 0 0 0 0 3 0 0
209 6 1 1 4 0 0 0 0 0
238 3 0 0 0 0 0 2 1 1
241 2 0 0 0 0 0 0 0 0
243 10 0 0 3 0 0 4 0 0
244 20 1 1 5 0 0 5 0 0
264 7 2 2 2 0 0 0 0 0
269 10 0 0 2 0 0 0 0 0
270 8 0 0 0 0 0 4 0 0
274 11 1 1 0 0 0 0 0 0
277 26 0 0 0 0 0 0 0 0
278 24 0 0 0 0 0 0 0 0
279 12 0 0 8 0 0 0 0 0
281 4 1 1 0 0 0 0 0 0
284 3 0 0 1 0 0 0 0 0
285 2 0 0 1 0 0 0 0 0
286 12 2 2 3 0 0 0 0 0
299 6 0 0 2 0 0 2 0 0
300 2 0 0 0 0 0 0 0 0
302 4 0 0 0 0 0 0 0 0
305 4 0 0 3 0 0 1 0 0
307 1 0 0 0 0 0 0 0 0
308 10 1 1 7 0 0 1 0 0
fl=/build/glibc-Cl5G7W/glibc-2.23/elf/dl-init.c
fn=_dl_init
30 46 1 1 8 2 0 6 0 0
80 11 1 1 0 0 0 6 0 0
81 1 0 0 1 1 0 0 0 0
82 1 0 0 1 0 0 0 0 0
85 3 0 0 1 0 0 0 0 0
88 2 0 0 0 0 0 1 0 0
93 2 0 0 0 0 0 0 0 0
94 2 1 1 1 0 0 0 0 0
104 2 1 1 0 0 0 1 0 0
119 24 0 0 0 0 0 0 0 0
120 21 0 0 14 3 0 0 0 0
126 8 0 0 7 0 0 0 0 0
fn=call_init.part.0
28 35 0 0 0 0 0 35 0 0
36 21 0 0 7 0 0 7 0 0
39 28 1 1 14 6 0 0 0 0
40 3 1 1 0 0 0 0 0 0
44 42 0 0 6 3 0 0 0 0
45 3 0 0 1 0 0 0 0 0
49 10 0 0 5 0 0 0 0 0
58 35 1 1 15 9 0 5 0 0
62 10 0 0 0 0 0 0 0 0
68 15 0 0 10 3 0 0 0 0
70 10 0 0 10 1 0 0 0 0
71 59 1 1 0 0 0 0 0 0
72 85 0 0 17 6 0 17 0 0
74 42 0 0 42 1 0 0 0 0
fl=/build/glibc-Cl5G7W/glibc-2.23/elf/dl-load.c
fn=_dl_init_paths
689 9 2 2 0 0 0 7 0 0
702 6 0 0 2 0 0 2 0 0
706 1 0 0 0 0 0 1 0 0
707 2 0 0 0 0 0 1 0 0
708 3 0 0 0 0 0 0 0 0
715 4 0 0 0 0 0 0 0 0
716 4 1 1 1 0 0 2 0 0
719 5 0 0 0 0 0 2 0 0
721 2 0 0 0 0 0 0 0 0
727 2 1 1 0 0 0 1 0 0
728 1 0 0 0 0 0 1 0 0
736 3 0 0 0 0 0 3 0 0
738 9 1 1 0 0 0 4 0 0
739 4 0 0 0 0 0 4 3 3
741 8 0 0 0 0 0 4 1 1
742 10 0 0 3 1 1 4 0 0
743 12 0 0 0 0 0 3 0 0
746 6 1 1 3 1 1 0 0 0
747 25 0 0 8 0 0 4 0 0
750 35 1 1 4 0 0 6 0 0
756 1 1 1 0 0 0 1 1 1
757 1 0 0 0 0 0 1 0 0
761 1 0 0 1 0 0 0 0 0
762 2 0 0 0 0 0 0 0 0
764 4 0 0 1 0 0 0 0 0
766 3 0 0 1 0 0 0 0 0
783 1 0 0 0 0 0 1 0 0
785 3 1 1 1 0 0 0 0 0
799 2 1 1 0 0 0 1 0 0
804 5 2 2 2 0 0 0 0 0
810 5 0 0 0 0 0 1 0 0
812 12 1 1 1 0 0 2 0 0
829 466 1 1 52 0 0 0 0 0
833 1 0 0 0 0 0 1 0 0
834 1 0 0 0 0 0 1 0 0
835 2 0 0 0 0 0 0 0 0
841 9 1 1 1 0 0 2 0 0
845 5 0 0 4 0 0 0 0 0
851 1 0 0 0 0 0 1 0 0
855 8 0 0 7 0 0 0 0 0
fn=_dl_map_object
383 5 0 0 0 0 0 1 0 0
387 2 0 0 0 0 0 1 0 0
666 42 1 1 14 0 0 0 0 0
669 4 0 0 0 0 0 0 0 0
672 6 0 0 2 0 0 0 0 0
675 4 2 2 0 0 0 2 0 0
2189 99 1 1 0 0 0 88 3 3
2191 5 0 0 0 0 0 5 0 0
2197 22 1 1 0 0 0 0 0 0
2198 44 0 0 11 0 0 0 0 0
2201 193 0 0 46 0 0 0 0 0
2206 287 1 1 41 0 0 0 0 0
2208 205 0 0 0 0 0 41 2 2
2212 70 0 0 35 0 0 0 0 0
2213 105 1 1 35 0 0 0 0 0
2216 17 0 0 17 0 0 0 0 0
2218 102 0 0 34 0 0 17 0 0
2235 25 2 2 10 0 0 5 0 0
2244 15 1 1 5 0 0 0 0 0
2278 5 0 0 0 0 0 5 2 2
2280 25 0 0 0 0 0 5 0 0
2284 16 1 1 0 0 0 8 0 0
2286 8 1 1 4 0 0 0 0 0
2293 16 0 0 4 0 0 0 0 0
2297 8 1 1 4 0 0 4 0 0
2302 30 1 1 6 0 0 4 0 0
2303 6 0 0 0 0 0 0 0 0
2305 36 0 0 0 0 0 12 0 0
2317 12 1 1 8 0 0 0 0 0
2318 32 1 1 8 0 0 4 0 0
2319 4 0 0 0 0 0 0 0 0
2328 8 0 0 4 0 0 0 0 0
2329 60 1 1 4 0 0 16 0 0
2335 20 1 1 4 0 0 0 0 0
2336 4 0 0 0 0 0 0 0 0
2344 4 0 0 0 0 0 4 0 0
2358 8 1 1 0 0 0 0 0 0
2360 12 0 0 4 0 0 0 0 0
2364 12 0 0 0 0 0 8 0 0
2366 8 0 0 0 0 0 0 0 0
2370 8 0 0 0 0 0 0 0 0
2378 12 1 1 4 0 0 0 0 0
2401 44 0 0 4 0 0 8 0 0
2405 16 0 0 8 0 0 0 0 0
2406 8 1 1 0 0 0 4 0 0
2423 8 1 1 4 0 0 0 0 0
2429 1 0 0 0 0 0 1 0 0
2431 2 1 1 0 0 0 0 0 0
2432 3 0 0 0 0 0 0 0 0
2436 10 1 1 0 0 0 2 0 0
2439 4 0 0 2 0 0 0 0 0
2451 15 1 1 0 0 0 0 0 0
2453 16 0 0 0 0 0 0 0 0
2497 10 0 0 5 0 0 5 0 0
2498 82 1 1 15 0 0 25 0 0
2500 88 0 0 77 0 0 0 0 0
fn=_dl_map_object_from_fd
893 75 2 2 0 0 0 55 2 2
903 20 0 0 5 0 0 10 1 1
904 5 0 0 0 0 0 5 0 0
919 100 1 1 35 0 0 0 0 0
920 40 0 0 20 0 0 0 0 0
937 10 1 1 5 0 0 0 0 0
961 10 0 0 5 0 0 0 0 0
971 10 1 1 5 0 0 0 0 0
993 20 0 0 10 0 0 0 0 0
1025 10 0 0 0 0 0 0 0 0
1028 40 1 1 25 0 0 5 0 0
1029 10 0 0 0 0 0 0 0 0
1040 15 0 0 10 0 0 5 3 3
1041 20 0 0 10 0 0 10 0 0
1042 10 0 0 5 0 0 5 0 0
1044 20 1 1 0 0 0 0 0 0
1045 20 0 0 10 0 0 0 0 0
1046 5 0 0 0 0 0 0 0 0
1063 5 0 0 0 0 0 5 0 0
1065 50 1 1 0 0 0 10 0 0
1073 319 0 0 0 0 0 0 0 0
1074 288 2 2 38 0 0 0 0 0
1080 10 0 0 5 0 0 5 0 0
1081 15 0 0 5 0 0 5 0 0
1082 5 0 0 0 0 0 0 0 0
1085 2 0 0 1 0 0 1 0 0
1086 1 0 0 0 0 0 0 0 0
1091 50 2 2 20 0 0 0 0 0
1096 80 0 0 20 0 0 0 0 0
1104 40 0 0 0 0 0 0 0 0
1105 40 0 0 0 0 0 10 5 5
1106 50 1 1 10 0 0 10 0 0
1107 10 0 0 0 0 0 10 3 3
1108 20 0 0 10 0 0 10 0 0
1109 20 0 0 0 0 0 10 1 1
1113 20 0 0 0 0 0 0 0 0
1114 30 0 0 15 0 0 5 0 0
1118 90 1 1 10 0 0 10 0 0
1129 10 0 0 0 0 0 0 0 0
1132 6 1 1 2 0 0 0 0 0
1136 2 0 0 0 0 0 2 2 2
1137 6 0 0 4 0 0 2 0 0
1138 4 0 0 0 0 0 0 0 0
1141 6 1 1 0 0 0 2 0 0
1142 4 0 0 2 0 0 2 0 0
1145 2 0 0 0 0 0 2 0 0
1149 8 0 0 2 0 0 0 0 0
1155 6 0 0 2 0 0 4 1 1
1156 2 0 0 0 0 0 0 0 0
1160 40 1 1 5 0 0 15 0 0
1168 10 0 0 0 0 0 5 0 0
1211 10 1 1 5 0 0 5 0 0
1212 5 0 0 0 0 0 0 0 0
1215 8 0 0 4 0 0 4 0 0
1216 12 0 0 8 0 0 4 0 0
1217 4 0 0 0 0 0 0 0 0
1220 15 1 1 5 0 0 0 0 0
1229 10 0 0 0 0 0 0 0 0
1239 45 0 0 20 0 0 5 0 0
1251 20 1 1 10 0 0 0 0 0
1255 8 2 2 4 0 0 0 0 0
1260 15 1 1 5 0 0 5 0 0
1267 10 0 0 0 0 0 0 0 0
1282 15 1 1 5 0 0 0 0 0
1301 10 0 0 5 0 0 5 0 0
1303 25 1 1 10 0 0 0 0 0
1357 15 0 0 5 3 3 0 0 0
1358 4 0 0 2 0 0 2 0 0
1361 20 0 0 5 0 0 5 0 0
1370 10 0 0 5 0 0 0 0 0
1372 20 1 1 10 0 0 5 0 0
1374 10 0 0 5 0 0 0 0 0
1390 10 0 0 0 0 0 5 0 0
1394 10 0 0 5 0 0 0 0 0
1395 10 0 0 5 0 0 0 0 0
1412 10 1 1 5 0 0 0 0 0
1413 2 0 0 0 0 0 1 0 0
1416 15 1 1 5 0 0 10 0 0
1421 10 0 0 5 0 0 0 0 0
1431 10 0 0 5 0 0 0 0 0
1441 15 0 0 5 0 0 5 0 0
1445 20 0 0 5 0 0 0 0 0
1465 40 0 0 35 0 0 0 0 0
fn=fillin_rpath
383 10 2 2 0 0 0 2 0 0
387 6 0 0 0 0 0 2 0 0
444 16 2 2 0 0 0 12 0 0
446 1 0 0 0 0 0 0 0 0
448 18 1 1 6 0 0 3 0 0
455 4 0 0 2 0 0 0 0 0
461 4 0 0 0 0 0 0 0 0
466 4 0 0 0 0 0 2 0 0
467 4 0 0 0 0 0 0 0 0
474 16 2 2 2 0 0 0 0 0
479 6 0 0 0 0 0 2 0 0
483 6 1 1 2 0 0 0 0 0
490 18 0 0 6 0 0 0 0 0
491 22 1 1 7 0 0 2 0 0
498 2 0 0 0 0 0 0 0 0
499 2 0 0 1 0 0 0 0 0
509 4 2 2 1 0 0 1 0 0
512 5 1 1 1 0 0 2 0 0
513 2 0 0 1 0 0 0 0 0
515 3 0 0 1 0 0 0 0 0
519 1 0 0 0 0 0 1 0 0
520 1 0 0 0 0 0 0 0 0
521 4 0 0 0 0 0 2 0 0
522 1 1 1 0 0 0 1 0 0
524 2 0 0 1 0 0 0 0 0
530 4 0 0 1 0 0 0 0 0
531 18 1 1 1 0 0 0 0 0
532 11 1 1 0 0 0 4 0 0
534 2 1 1 1 0 0 1 0 0
535 3 0 0 1 0 0 0 0 0
540 2 1 1 0 0 0 1 0 0
542 3 0 0 1 0 0 1 0 0
543 1 0 0 0 0 0 1 0 0
546 2 0 0 0 0 0 1 0 0
548 6 0 0 0 0 0 2 0 0
552 1 0 0 0 0 0 1 0 0
555 9 0 0 7 0 0 0 0 0
fn=open_path
2040 32 1 1 0 0 0 24 1 1
2041 8 0 0 4 0 0 4 1 1
2044 4 1 1 0 0 0 4 0 0
2045 4 0 0 0 0 0 4 0 0
2047 8 0 0 0 0 0 0 0 0
2052 68 1 1 8 0 0 28 2 2
2055 4 0 0 4 0 0 0 0 0
2064 8 0 0 4 0 0 0 0 0
2071 20 0 0 8 0 0 8 2 2
2072 87 1 1 7 0 0 0 0 0
2075 32 1 1 16 0 0 0 0 0
2078 14 0 0 0 0 0 0 0 0
2079 56 1 1 35 0 0 14 0 0
2080 28 0 0 7 0 0 0 0 0
2085 14 1 1 7 0 0 0 0 0
2086 3 1 1 0 0 0 0 0 0
2088 70 0 0 35 0 0 14 0 0
2090 35 0 0 21 0 0 0 0 0
2092 8 0 0 0 0 0 0 0 0
2097 8 1 1 4 0 0 0 0 0
2098 36 0 0 16 0 0 0 0 0
2104 20 1 1 4 0 0 8 0 0
2106 24 0 0 4 0 0 4 0 0
2107 2 0 0 1 0 0 0 0 0
2109 17 1 1 0 0 0 4 0 0
2116 24 1 1 4 0 0 0 0 0
2118 6 0 0 0 0 0 0 0 0
2126 16 1 1 4 0 0 4 0 0
2154 4 0 0 0 0 0 0 0 0
2157 28 2 2 4 0 0 0 0 0
2162 4 0 0 4 0 0 0 0 0
2164 16 0 0 12 0 0 0 0 0
2167 12 0 0 4 0 0 0 0 0
2181 32 0 0 28 0 0 0 0 0
fn=open_verify.constprop.7
1717 168 1 1 12 0 0 108 4 4
1756 58 0 0 12 0 0 0 0 0
1787 60 1 1 0 0 0 24 1 1
1789 29 0 0 0 0 0 0 0 0
1799 5 1 1 0 0 0 5 0 0
1800 10 0 0 0 0 0 5 0 0
1805 40 0 0 10 0 0 10 0 0
1807 10 0 0 0 0 0 0 0 0
1809 15 1 1 5 0 0 5 0 0
1811 10 0 0 0 0 0 0 0 0
1817 10 0 0 0 0 0 0 0 0
1826 6 1 1 3 0 0 0 0 0
1833 93 3 3 13 2 2 13 0 0
1907 10 0 0 5 0 0 0 0 0
1912 10 0 0 5 0 0 0 0 0
1914 20 0 0 5 0 0 0 0 0
1920 10 1 1 0 0 0 0 0 0
1931 10 0 0 5 0 0 0 0 0
1937 30 0 0 5 0 0 0 0 0
1938 20 0 0 5 0 0 0 0 0
1939 15 1 1 5 0 0 5 0 0
1959 262 1 1 34 0 0 0 0 0
1961 87 1 1 41 12 12 0 0 0
1965 20 0 0 10 0 0 0 0 0
1966 15 0 0 5 0 0 0 0 0
1975 42 1 1 0 0 0 7 0 0
1978 35 0 0 10 0 0 0 0 0
1982 15 0 0 0 0 0 0 0 0
1987 2 0 0 0 0 0 0 0 0
1988 2 0 0 0 0 0 0 0 0
1991 4 0 0 0 0 0 0 0 0
1994 14 0 0 6 0 0 0 0 0
1997 6 0 0 2 0 0 0 0 0
1998 10 0 0 2 0 0 0 0 0
2003 7 0 0 0 0 0 0 0 0
2026 96 2 2 84 0 0 0 0 0
fl=/build/glibc-Cl5G7W/glibc-2.23/elf/dl-lookup.c
fn=_dl_lookup_symbol_x
568 378164 1 1 92449 1851 1581 2092 0 0
569 361428 0 0 0 0 0 0 0 0
806 31380 2 2 2092 0 0 18828 3 0
808 4184 0 0 0 0 0 2092 1 0
809 4184 0 0 0 0 0 4184 2 0
812 2092 0 0 2092 4 0 0 0 0
816 8324 0 0 2070 0 0 0 0 0
820 14644 1 1 4184 0 0 6276 2 0
821 4184 0 0 0 0 0 0 0 0
823 4184 1 1 4184 6 0 0 0 0
827 6381 0 0 21 0 0 0 0 0
829 29288 1 1 14644 0 0 14644 4 0
832 6276 0 0 0 0 0 0 0 0
835 21 0 0 0 0 0 0 0 0
858 4184 0 0 2092 0 0 0 0 0
860 147 1 1 42 0 0 0 0 0
876 21 0 0 0 0 0 21 0 0
877 42 0 0 0 0 0 0 0 0
880 2071 0 0 2071 0 0 0 0 0
881 14497 1 1 4142 0 0 0 0 0
912 2071 0 0 0 0 0 0 0 0
921 10355 0 0 2071 0 0 0 0 0
935 6213 0 0 2071 12 0 0 0 0
936 2 1 1 0 0 0 1 0 0
938 8284 1 1 4142 0 0 0 0 0
943 2071 0 0 0 0 0 2071 0 0
945 16736 0 0 14644 0 0 0 0 0
fn=_dl_setup_hash
956 21 1 1 7 0 0 0 0 0
960 7 0 0 7 0 0 0 0 0
964 14 0 0 7 7 7 7 0 0
965 7 0 0 7 0 0 0 0 0
966 7 0 0 7 2 2 0 0 0
968 21 0 0 0 0 0 0 0 0
969 7 0 0 0 0 0 7 0 0
970 21 1 1 7 0 0 7 0 0
972 7 0 0 0 0 0 7 0 0
973 14 0 0 0 0 0 0 0 0
975 7 0 0 0 0 0 7 0 0
977 21 0 0 0 0 0 7 0 0
978 7 0 0 7 0 0 0 0 0
fn=check_match
92 16576 1 1 4144 31 8 8288 2 0
95 14504 1 1 4144 232 181 0 0 0
107 12426 0 0 2071 0 0 2071 13 0
110 8512 0 0 76 0 0 38 0 0
114 2071 0 0 2071 4 0 0 0 0
115 4142 1 1 0 0 0 0 0 0
117 4140 0 0 0 0 0 0 0 0
136 4140 0 0 4140 25 4 0 0 0
137 16560 1 1 6210 11 0 0 0 0
138 12420 1 1 4140 10 0 2070 2 0
165 2 0 0 0 0 0 0 0 0
167 6 0 0 2 1 0 0 0 0
168 4 1 1 0 0 0 0 0 0
176 2072 0 0 0 0 0 0 0 0
183 12432 1 0 10360 0 0 0 0 0
fn=do_lookup_x
191 690 0 0 82 0 0 0 0 0
192 1212 1 1 82 0 0 0 0 0
193 500 1 1 250 58 58 0 0 0
195 196 0 0 0 0 0 0 0 0
196 196 0 0 0 0 0 0 0 0
197 528 1 1 0 0 0 0 0 0
200 152 0 0 0 0 0 152 0 0
201 152 0 0 0 0 0 152 0 0
202 234 0 0 82 0 0 152 0 0
203 244 1 1 0 0 0 152 0 0
220 488 1 1 244 0 0 244 0 0
222 854 0 0 122 2 0 244 0 0
224 488 0 0 122 2 1 122 0 0
225 122 0 0 122 0 0 0 0 0
226 244 1 1 0 0 0 0 0 0
228 605 0 0 0 0 0 121 0 0
229 1947 1 1 0 0 0 242 0 0
232 759 1 1 253 82 43 0 0 0
233 280 0 0 160 0 0 40 0 0
235 80 0 0 0 0 0 0 0 0
245 40 0 0 40 0 0 0 0 0
246 80 0 0 80 0 0 0 0 0
248 160 1 1 80 0 0 120 0 0
252 558 0 0 213 0 0 0 0 0
256 462 0 0 0 0 0 0 0 0
257 264 1 1 0 0 0 0 0 0
260 972 0 0 324 0 0 0 0 0
267 10 0 0 0 0 0 2 0 0
268 8 1 1 0 0 0 2 0 0
270 6 0 0 0 0 0 0 0 0
277 204 0 0 4 0 0 4 0 0
278 276 1 1 92 12 2 0 0 0
279 280 0 0 210 0 0 0 0 0
283 14 1 1 6 0 0 2 0 0
284 2 0 0 0 0 0 2 0 0
286 2 0 0 0 0 0 2 0 0
287 6 0 0 2 1 0 4 0 0
303 2 0 0 0 0 0 0 0 0
311 4412 0 0 0 0 0 0 0 0
312 4 0 0 0 0 0 2 0 0
313 2 1 1 0 0 0 0 0 0
316 1 0 0 0 0 0 1 0 0
317 1 0 0 0 0 0 1 0 0
318 4 0 0 1 1 0 2 0 0
321 164 0 0 0 0 0 0 0 0
322 328 1 1 246 0 0 0 0 0
329 328 0 0 82 0 0 0 0 0
332 66 0 0 0 0 0 0 0 0
334 410 1 1 164 0 0 0 0 0
339 164 0 0 164 0 0 82 0 0
341 246 0 0 164 0 0 82 0 0
342 82 0 0 0 0 0 82 0 0
355 25104 2 2 2092 0 0 20920 12 0
356 2092 0 0 2092 4 0 0 0 0
362 2092 0 0 2092 0 0 0 0 0
366 12966 0 0 12966 33 0 0 0 0
369 12966 1 1 0 0 0 0 0 0
373 23432 0 0 2095 0 0 4184 0 0
377 12964 0 0 6482 26 0 0 0 0
381 12964 0 0 6482 2 0 0 0 0
387 19446 0 0 6482 13 0 0 0 0
391 6482 1 1 0 0 0 6482 0 0
392 6482 0 0 0 0 0 6482 0 0
395 19446 0 0 12964 50 0 6482 0 0
396 19446 0 0 12964 9 0 6482 0 0
399 6482 0 0 6482 0 0 0 0 0
400 12964 0 0 0 0 0 0 0 0
402 19446 1 1 19446 790 106 0 0 0
403 8368 1 1 0 0 0 2092 0 0
410 83854 0 0 21538 0 0 4184 0 0
413 13008 2 2 6504 1088 176 0 0 0
415 4336 0 0 0 0 0 0 0 0
417 28158 1 1 8664 0 0 10830 0 0
420 24855 0 0 4971 1560 392 0 0 0
422 8288 1 1 2072 0 0 0 0 0
423 31080 1 1 14504 0 0 12432 4 1
427 6218 0 0 1 0 0 0 0 0
430 8700 0 0 0 0 0 0 0 0
439 18639 2 2 10355 0 0 0 0 0
461 190 1 1 95 0 0 0 0 0
469 4142 1 1 2071 0 0 0 0 0
488 1122 0 0 187 0 0 0 0 0
519 10548 0 0 2071 0 0 0 0 0
523 4332 0 0 1444 1 0 0 0 0
535 3898 1 1 1949 0 0 1949 0 0
536 1949 0 0 0 0 0 1949 0 0
537 3898 0 0 0 0 0 0 0 0
542 244 0 0 0 0 0 0 0 0
553 34388 1 1 12933 7 0 0 0 0
554 500 0 0 0 0 0 100 0 0
555 665 2 2 475 0 0 0 0 0
557 13236 0 0 0 0 0 0 0 0
560 21 0 0 0 0 0 0 0 0
561 16736 1 1 14644 0 0 0 0 0
fl=/build/glibc-Cl5G7W/glibc-2.23/elf/dl-minimal.c
fn=__libc_memalign
52 123 1 1 0 0 0 82 1 1
53 163 0 0 81 2 0 0 0 0
58 5 0 0 0 0 0 1 0 0
59 2 1 1 1 0 0 0 0 0
64 164 0 0 0 0 0 41 0 0
67 267 1 1 0 0 0 0 0 0
71 20 0 0 5 0 0 0 0 0
72 10 0 0 0 0 0 0 0 0
78 40 0 0 0 0 0 5 0 0
80 25 0 0 10 0 0 0 0 0
84 15 0 0 0 0 0 5 0 0
87 41 1 1 0 0 0 41 0 0
88 41 0 0 0 0 0 41 0 0
90 205 0 0 123 0 0 0 0 0
fn=calloc
103 17 1 1 0 0 0 0 0 0
107 17 0 0 0 0 0 0 0 0
111 85 0 0 0 0 0 0 0 0
114 17 0 0 0 0 0 0 0 0
fn=free
120 4 1 1 0 0 0 4 0 0
122 12 0 0 4 0 0 0 0 0
126 5 0 0 1 0 0 1 0 0
127 1 0 0 0 0 0 1 0 0
129 8 0 0 8 0 0 0 0 0
fn=malloc
94 40 0 0 0 0 0 0 0 0
95 80 0 0 0 0 0 0 0 0
fn=strsep
354 6 1 1 3 0 0 0 0 0
356 3 0 0 3 0 0 0 0 0
357 6 0 0 0 0 0 0 0 0
361 264 1 1 52 0 0 0 0 0
366 202 0 0 101 0 0 0 0 0
368 300 0 0 100 0 0 0 0 0
372 2 0 0 0 0 0 1 0 0
376 50 0 0 0 0 0 0 0 0
379 2 0 0 0 0 0 2 0 0
383 3 0 0 3 0 0 0 0 0
fl=/build/glibc-Cl5G7W/glibc-2.23/elf/dl-misc.c
fn=_dl_higher_prime_number
344 2 0 0 0 0 0 0 0 0
345 2 0 0 0 0 0 0 0 0
347 25 0 0 3 0 0 0 0 0
349 80 1 1 0 0 0 0 0 0
350 37 0 0 10 4 2 0 0 0
351 3 0 0 0 0 0 0 0 0
fn=_dl_name_match_p
288 950 1 1 0 0 0 380 1 0
289 760 0 0 190 4 0 190 0 0
290 206 0 0 0 0 0 0 0 0
292 190 0 0 190 0 0 0 0 0
294 758 0 0 0 0 0 0 0 0
295 1025 1 1 205 14 0 205 0 0
298 189 0 0 189 0 0 0 0 0
300 174 0 0 0 0 0 0 0 0
301 950 0 0 570 0 0 0 0 0
fn=_dl_sysdep_read_whole_file
45 8 2 2 0 0 0 4 0 0
52 3 0 0 0 0 0 1 0 0
53 2 0 0 0 0 0 0 0 0
55 7 0 0 0 0 0 1 0 0
57 2 0 0 1 0 0 1 0 0
60 2 0 0 0 0 0 0 0 0
62 8 1 1 0 0 0 1 0 0
73 2 0 0 0 0 0 1 0 0
76 7 0 0 5 0 0 0 0 0
fl=/build/glibc-Cl5G7W/glibc-2.23/elf/dl-object.c
fn=_dl_add_to_namespace_list
32 30 1 1 0 0 0 18 0 0
34 18 0 0 6 0 0 6 0 0
36 52 0 0 6 0 0 0 0 0
39 60 0 0 20 0 0 0 0 0
41 5 0 0 0 0 0 5 0 0
43 5 0 0 0 0 0 5 0 0
46 2 0 0 0 0 0 1 0 0
47 18 1 1 6 0 0 0 0 0
48 12 0 0 6 0 0 6 1 1
49 12 0 0 0 0 0 6 0 0
51 12 0 0 6 0 0 0 0 0
52 18 0 0 18 0 0 0 0 0
fn=_dl_new_object
61 84 1 1 0 0 0 60 3 3
62 18 0 0 0 0 0 6 0 0
68 78 3 3 12 1 1 0 0 0
75 30 0 0 0 0 0 12 0 0
78 12 1 1 0 0 0 0 0 0
81 6 0 0 0 0 0 6 5 5
82 12 0 0 0 0 0 6 6 6
85 12 0 0 0 0 0 6 1 1
87 30 0 0 12 0 0 12 3 3
89 6 1 1 0 0 0 6 0 0
97 36 0 0 12 0 0 6 1 1
98 36 0 0 12 6 6 6 0 0
101 12 0 0 6 0 0 0 0 0
102 17 0 0 5 0 0 6 6 6
103 6 1 1 0 0 0 6 1 1
107 6 0 0 0 0 0 6 0 0
110 50 0 0 0 0 0 0 0 0
112 32 0 0 0 0 0 16 4 4
122 12 0 0 0 0 0 6 2 2
123 6 1 1 0 0 0 6 6 6
128 36 0 0 6 1 1 0 0 0
130 22 0 0 0 0 0 5 1 1
133 14 1 1 0 0 0 0 0 0
137 21 0 0 7 0 0 0 0 0
141 30 1 1 0 0 0 0 0 0
143 5 1 1 1 0 0 0 0 0
149 1 0 0 0 0 0 1 0 0
152 12 1 1 0 0 0 6 0 0
155 18 0 0 0 0 0 6 0 0
157 35 0 0 5 0 0 10 0 0
161 20 0 0 5 0 0 0 0 0
165 15 0 0 0 0 0 5 0 0
166 20 0 0 0 0 0 0 0 0
168 1 1 1 0 0 0 0 0 0
211 99 1 1 10 0 0 5 0 0
216 84 0 0 0 0 0 0 0 0
217 178 0 0 84 0 0 0 0 0
222 10 0 0 0 0 0 5 0 0
225 10 0 0 0 0 0 5 1 1
229 48 0 0 42 0 0 0 0 0
fl=/build/glibc-Cl5G7W/glibc-2.23/elf/dl-open.c
fn=_dl_find_dso_for_object
182 5 2 2 1 0 0 0 0 0
183 13 1 1 4 0 0 0 0 0
184 16 0 0 8 1 0 0 0 0
185 2 0 0 1 0 0 0 0 0
188 2 0 0 1 0 0 0 0 0
192 1 0 0 1 0 0 0 0 0
fl=/build/glibc-Cl5G7W/glibc-2.23/elf/dl-profstub.c
fn=_dl_mcount_wrapper_check
38 384 2 2 256 0 0 0 0 0
39 128 0 0 128 0 0 0 0 0
fl=/build/glibc-Cl5G7W/glibc-2.23/elf/dl-reloc.c
fn=_dl_relocate_object
149 84 2 2 0 0 0 56 0 0
156 7 0 0 0 0 0 7 0 0
159 14 0 0 0 0 0 0 0 0
160 42 0 0 0 0 0 21 0 0
164 14 0 0 0 0 0 0 0 0
165 42 0 0 7 3 0 7 0 0
171 14 1 1 7 0 0 0 0 0
177 21 0 0 7 0 0 0 0 0
178 14 1 1 7 6 0 0 0 0
181 14 0 0 7 0 0 0 0 0
188 14 0 0 7 2 0 0 0 0
232 21 1 1 14 0 0 7 0 0
258 336 3 3 104 24 0 95 0 0
261 28 0 0 7 0 0 0 0 0
285 7 0 0 7 0 0 0 0 0
288 14 0 0 7 0 0 0 0 0
305 21 0 0 7 4 0 0 0 0
307 56 0 0 49 2 0 0 0 0
313 42 2 2 18 0 0 6 0 0
316 12 0 0 0 0 0 0 0 0
320 12 0 0 0 0 0 0 0 0
321 42 1 1 6 0 0 6 0 0
fl=/build/glibc-Cl5G7W/glibc-2.23/elf/dl-tls.c
fn=_dl_add_to_slotinfo
890 8 1 1 0 0 0 6 0 0
896 4 1 1 2 0 0 0 0 0
899 2 0 0 2 2 0 0 0 0
904 10 0 0 2 2 0 0 0 0
945 2 0 0 0 0 0 2 2 0
946 6 1 1 2 2 0 2 0 0
947 8 0 0 8 0 0 0 0 0
fn=_dl_allocate_tls_init
449 7 0 0 0 0 0 6 0 0
450 2 1 1 0 0 0 0 0 0
454 2 0 0 1 1 0 1 0 0
456 1 0 0 0 0 0 1 0 0
457 3 0 0 1 0 0 0 0 0
460 4 1 1 2 1 0 1 0 0
472 1 0 0 1 0 0 0 0 0
477 12 0 0 1 0 0 0 0 0
483 20 1 1 2 0 0 1 0 0
486 2 0 0 2 0 0 0 0 0
487 4 1 1 0 0 0 0 0 0
493 6 0 0 4 0 0 0 0 0
494 4 0 0 0 0 0 0 0 0
496 10 0 0 4 1 0 2 0 0
497 2 0 0 0 0 0 2 0 0
499 6 0 0 0 0 0 0 0 0
500 2 1 1 2 0 0 0 0 0
503 4 0 0 0 0 0 0 0 0
504 8 0 0 4 0 0 0 0 0
506 4 0 0 0 0 0 0 0 0
515 24 1 1 8 0 0 4 0 0
529 2 1 1 1 0 0 1 0 0
531 1 0 0 1 0 0 0 0 0
532 8 0 0 7 0 0 0 0 0
fn=_dl_allocate_tls_storage
321 2 1 1 1 0 0 0 0 0
322 3 0 0 0 0 0 1 0 0
323 2 0 0 0 0 0 0 0 0
326 1 0 0 0 0 0 1 1 1
332 2 0 0 0 0 0 1 0 0
354 3 1 1 0 0 0 3 0 0
356 1 0 0 1 0 0 0 0 0
367 3 0 0 1 0 0 1 0 0
368 2 0 0 0 0 0 0 0 0
375 2 1 1 0 0 0 0 0 0
379 297 0 0 0 0 0 289 36 36
396 5 0 0 4 0 0 0 0 0
fn=_dl_count_modids
115 2 1 1 1 0 0 0 0 0
116 2 0 0 2 0 0 0 0 0
fn=_dl_determine_tlsoffset
138 7 1 1 0 0 0 6 0 0
144 3 0 0 1 0 0 0 0 0
147 2 0 0 1 0 0 0 0 0
183 14 0 0 3 0 0 0 0 0
185 12 1 1 1 0 0 0 0 0
187 8 0 0 2 0 0 0 0 0
188 2 1 1 2 0 0 0 0 0
190 6 1 1 0 0 0 0 0 0
192 14 0 0 2 0 0 0 0 0
208 12 0 0 0 0 0 0 0 0
210 8 0 0 0 0 0 0 0 0
220 2 1 1 0 0 0 2 0 0
223 4 0 0 0 0 0 1 0 0
224 1 0 0 0 0 0 1 0 0
275 1 1 1 0 0 0 1 0 0
276 8 0 0 7 0 0 0 0 0
fn=_dl_next_tls_modid
49 2 1 1 0 0 0 0 0 0
52 8 0 0 4 0 0 0 0 0
100 2 0 0 0 0 0 2 0 0
104 4 1 1 2 0 0 0 0 0
fl=/build/glibc-Cl5G7W/glibc-2.23/elf/dl-version.c
fn=_dl_check_all_versions
380 5 1 1 0 0 0 4 0 0
384 28 0 0 7 0 0 0 0 0
385 7 0 0 0 0 0 0 0 0
386 70 1 1 7 0 0 7 0 0
389 7 0 0 5 0 0 0 0 0
fn=_dl_check_map_versions
56 148 0 0 20 0 0 0 0 0
57 39 0 0 39 0 0 0 0 0
58 255 1 1 0 0 0 49 0 0
174 63 1 1 0 0 0 42 0 0
175 2 0 0 0 0 0 0 0 0
183 2 0 0 0 0 0 0 0 0
189 21 1 1 7 0 0 0 0 0
190 2 0 0 0 0 0 0 0 0
191 14 0 0 7 2 0 7 0 0
193 14 0 0 7 0 0 7 0 0
194 28 0 0 7 1 0 21 0 0
196 14 0 0 0 0 0 0 0 0
199 15 1 1 10 0 0 5 0 0
203 25 0 0 5 5 5 0 0 0
220 20 0 0 20 0 0 0 0 0
228 30 0 0 10 0 0 0 0 0
233 80 1 1 20 3 3 0 0 0
237 362 1 1 202 6 5 44 0 0
244 132 0 0 66 0 0 0 0 0
247 66 0 0 22 0 0 0 0 0
252 12 0 0 0 0 0 0 0 0
256 60 1 1 20 0 0 0 0 0
261 15 0 0 0 0 0 5 0 0
262 5 0 0 0 0 0 0 0 0
270 14 1 1 7 0 0 0 0 0
273 20 0 0 15 0 0 0 0 0
276 332 0 0 83 12 12 0 0 0
279 249 0 0 83 8 8 0 0 0
283 78 0 0 0 0 0 0 0 0
287 18 1 1 0 0 0 0 0 0
292 6 0 0 0 0 0 6 0 0
293 24 0 0 0 0 0 6 0 0
294 12 1 1 0 0 0 0 0 0
302 6 0 0 0 0 0 6 0 0
305 18 0 0 12 0 0 6 1 0
307 18 0 0 6 0 0 0 0 0
310 20 1 1 15 0 0 0 0 0
314 30 0 0 10 0 0 0 0 0
317 66 0 0 22 0 0 0 0 0
319 66 0 0 0 0 0 0 0 0
321 110 0 0 22 0 0 22 0 0
322 66 0 0 0 0 0 22 10 10
323 66 1 1 22 0 0 22 2 2
324 66 0 0 22 0 0 22 1 1
327 66 0 0 22 0 0 0 0 0
332 12 0 0 0 0 0 0 0 0
335 30 0 0 10 0 0 0 0 0
340 5 0 0 0 0 0 0 0 0
341 5 0 0 0 0 0 0 0 0
345 18 0 0 6 0 0 0 0 0
348 20 1 1 15 0 0 0 0 0
352 78 0 0 78 0 0 0 0 0
354 166 0 0 83 0 0 0 0 0
359 468 0 0 156 0 0 78 20 20
360 234 0 0 78 0 0 78 0 0
361 78 0 0 0 0 0 78 9 9
364 249 0 0 83 0 0 0 0 0
368 78 0 0 0 0 0 0 0 0
374 62 1 1 49 0 0 0 0 0
fn=match_symbol
76 286 2 2 0 0 0 176 0 0
77 44 0 0 44 0 0 0 0 0
85 44 0 0 22 0 0 0 0 0
91 66 0 0 22 0 0 0 0 0
106 22 1 1 22 1 0 0 0 0
107 44 0 0 0 0 0 0 0 0
109 22 0 0 22 0 0 0 0 0
114 340 0 0 170 18 18 0 0 0
128 340 0 0 170 2 2 0 0 0
133 154 1 1 44 1 0 22 0 0
140 444 0 0 148 5 5 0 0 0
144 148 0 0 0 0 0 0 0 0
168 176 0 0 154 0 0 0 0 0
fl=/build/glibc-Cl5G7W/glibc-2.23/elf/do-rel.h
fn=_dl_relocate_object
47 42 0 0 14 0 0 14 0 0
48 14 0 0 14 1 0 0 0 0
58 42 1 1 14 0 0 0 0 0
61 2697 0 0 0 0 0 0 0 0
63 3556 1 1 889 333 333 0 0 0
65 70 0 0 0 0 0 0 0 0
74 12 0 0 0 0 0 0 0 0
75 106 2 2 30 0 0 0 0 0
76 44 0 0 22 0 0 0 0 0
83 16 0 0 8 0 0 8 0 0
84 8 1 1 8 0 0 0 0 0
86 24 1 1 8 0 0 0 0 0
98 24 0 0 0 0 0 0 0 0
108 15 1 1 1 1 1 0 0 0
111 5837 1 1 0 0 0 0 0 0
112 3880 0 0 1940 0 0 0 0 0
118 24 0 0 8 7 0 0 0 0
121 14 0 0 7 4 0 7 0 0
124 9698 1 1 3233 2 0 6 2 0
127 12880 0 0 3220 807 804 0 0 0
129 14 0 0 0 0 0 0 0 0
136 12880 0 0 6440 1138 217 0 0 0
137 18895 0 0 3220 0 0 3220 2 0
138 3220 1 1 3220 3 0 0 0 0
139 6440 0 0 3220 0 0 0 0 0
143 12 0 0 0 0 0 0 0 0
160 27 3 3 9 0 0 3 0 0
162 24 0 0 6 1 1 0 0 0
170 36 1 1 6 0 0 6 0 0
171 12 0 0 12 0 0 0 0 0
174 2 0 0 0 0 0 0 0 0
fn=_dl_start
83 1 0 0 1 0 0 0 0 0
84 1 0 0 1 0 0 0 0 0
111 33 0 0 0 0 0 0 0 0
112 20 0 0 10 2 2 0 0 0
116 2 0 0 1 0 0 0 0 0
124 22 0 0 0 0 0 0 0 0
136 6 0 0 6 2 2 0 0 0
137 36 1 1 6 0 0 0 0 0
fl=/build/glibc-Cl5G7W/glibc-2.23/elf/get-dynamic-info.h
fn=_dl_map_object_from_fd
39 10 0 0 0 0 0 0 0 0
43 5 0 0 0 0 0 0 0 0
45 402 0 0 134 37 37 0 0 0
47 258 0 0 0 0 0 0 0 0
60 129 0 0 0 0 0 0 0 0
61 212 1 1 0 0 0 124 31 31
62 20 0 0 0 0 0 0 0 0
64 5 0 0 0 0 0 0 0 0
65 25 1 1 0 0 0 0 0 0
67 5 0 0 0 0 0 0 0 0
68 25 0 0 0 0 0 0 0 0
70 25 0 0 0 0 0 5 0 0
71 129 0 0 0 0 0 0 0 0
78 10 0 0 0 0 0 0 0 0
98 17 0 0 7 0 0 0 0 0
99 20 1 1 10 0 0 0 0 0
100 20 0 0 10 0 0 0 0 0
101 20 0 0 10 0 0 0 0 0
103 20 0 0 10 0 0 0 0 0
108 20 1 1 10 0 0 0 0 0
109 19 0 0 9 1 1 0 0 0
110 20 0 0 10 0 0 0 0 0
116 15 0 0 5 0 0 0 0 0
121 10 0 0 5 0 0 0 0 0
128 10 1 1 5 0 0 0 0 0
129 15 0 0 10 0 0 0 0 0
145 15 0 0 5 0 0 0 0 0
150 4 0 0 2 0 0 2 2 2
152 4 0 0 0 0 0 0 0 0
154 4 0 0 0 0 0 0 0 0
156 4 0 0 0 0 0 0 0 0
159 15 1 1 5 0 0 0 0 0
161 4 0 0 1 0 0 1 0 0
169 2 0 0 1 0 0 0 0 0
174 2 1 1 0 0 0 0 0 0
177 10 0 0 5 0 0 0 0 0
fn=_dl_start
45 57 1 1 19 6 6 0 0 0
47 36 0 0 0 0 0 0 0 0
48 26 0 0 0 0 0 13 4 4
60 21 0 0 0 0 0 0 0 0
61 18 2 2 0 0 0 4 3 3
62 4 1 1 0 0 0 0 0 0
64 1 0 0 0 0 0 0 0 0
65 5 1 1 0 0 0 0 0 0
67 2 0 0 0 0 0 0 0 0
68 5 1 1 0 0 0 0 0 0
70 6 0 0 0 0 0 1 1 1
71 18 0 0 0 0 0 0 0 0
78 2 0 0 0 0 0 0 0 0
98 4 0 0 2 0 0 0 0 0
99 4 0 0 2 0 0 0 0 0
100 4 1 1 2 0 0 0 0 0
101 4 0 0 2 0 0 0 0 0
103 4 0 0 2 0 0 0 0 0
108 4 0 0 2 0 0 0 0 0
109 4 1 1 2 0 0 0 0 0
110 4 0 0 2 0 0 0 0 0
116 3 0 0 1 0 0 0 0 0
121 2 0 0 1 0 0 0 0 0
128 3 0 0 1 0 0 0 0 0
129 3 1 1 2 0 0 0 0 0
137 3 0 0 1 0 0 0 0 0
139 3 0 0 1 0 0 0 0 0
142 2 1 1 1 0 0 0 0 0
143 2 0 0 1 0 0 0 0 0
fn=dl_main
30 1 0 0 1 0 0 0 0 0
39 2 0 0 0 0 0 0 0 0
43 1 0 0 0 0 0 0 0 0
45 75 0 0 25 7 7 0 0 0
47 48 0 0 0 0 0 0 0 0
60 17 0 0 0 0 0 0 0 0
61 34 0 0 0 0 0 23 6 6
62 4 1 1 0 0 0 0 0 0
64 1 0 0 0 0 0 0 0 0
65 5 1 1 0 0 0 0 0 0
67 1 1 1 0 0 0 0 0 0
68 5 1 1 0 0 0 0 0 0
70 5 0 0 0 0 0 1 0 0
71 24 0 0 0 0 0 0 0 0
78 3 0 0 1 0 0 0 0 0
116 3 1 1 1 0 0 0 0 0
121 2 0 0 1 0 0 0 0 0
128 2 0 0 1 0 0 0 0 0
129 3 1 1 2 0 0 0 0 0
145 3 0 0 1 0 0 0 0 0
159 3 1 1 1 0 0 0 0 0
177 2 1 1 1 0 0 0 0 0
fl=/build/glibc-Cl5G7W/glibc-2.23/elf/rtld.c
fn=_dl_initial_error_catch_tsd
664 24 0 0 12 0 0 0 0 0
fn=_dl_start
302 2 0 0 0 0 0 1 1 1
303 2 0 0 0 0 0 1 0 0
304 2 0 0 0 0 0 1 1 1
305 2 0 0 0 0 0 1 0 0
306 2 1 1 0 0 0 1 0 0
314 5 0 0 0 0 0 1 1 1
317 1 0 0 0 0 0 1 0 0
323 4 1 0 0 0 0 1 0 0
332 1 0 0 0 0 0 0 0 0
335 5 0 0 1 1 0 1 1 0
339 2 1 0 1 0 0 0 0 0
353 9 2 2 0 0 0 6 1 1
371 5 0 0 0 0 0 1 1 1
394 1 0 0 0 0 0 1 0 0
397 1 0 0 0 0 0 1 1 1
408 2 0 0 0 0 0 0 0 0
413 26 2 2 9 0 0 0 0 0
415 1 1 1 1 1 1 0 0 0
440 9 0 0 7 1 0 0 0 0
fn=dl_main
719 1 0 0 1 0 0 0 0 0
721 3 0 0 1 1 0 1 0 0
730 1 1 1 0 0 0 1 0 0
732 1 0 0 0 0 0 1 0 0
737 1 0 0 0 0 0 1 0 0
790 12 2 2 0 0 0 7 2 2
799 1 0 0 0 0 0 0 0 0
805 1 0 0 0 0 0 1 0 0
809 2 0 0 0 0 0 1 0 0
812 2 0 0 0 0 0 1 1 1
816 2 0 0 0 0 0 1 1 1
817 2 1 1 0 0 0 1 0 0
822 2 0 0 0 0 0 1 0 0
832 3 1 1 1 0 0 0 0 0
1033 8 1 1 0 0 0 1 0 0
1035 2 0 0 0 0 0 0 0 0
1036 1 0 0 0 0 0 1 0 0
1037 2 1 1 1 0 0 1 0 0
1038 2 0 0 1 0 0 1 0 0
1042 3 0 0 0 0 0 1 0 0
1043 3 0 0 1 0 0 0 0 0
1064 1 0 0 0 0 0 1 1 1
1065 1 1 1 0 0 0 1 0 0
1067 1 0 0 0 0 0 1 0 0
1069 1 0 0 1 0 0 0 0 0
1072 35 0 0 1 0 0 0 0 0
1073 71 1 1 9 5 5 0 0 0
1077 3 1 1 1 0 0 1 0 0
1078 1 0 0 0 0 0 0 0 0
1082 3 1 1 2 0 0 1 0 0
1083 1 0 0 0 0 0 0 0 0
1091 1 0 0 0 0 0 1 1 1
1092 2 0 0 2 1 1 0 0 0
1094 3 1 1 0 0 0 1 0 0
1101 2 0 0 1 0 0 0 0 0
1119 1 0 0 0 0 0 0 0 0
1127 8 0 0 2 0 0 0 0 0
1128 7 2 2 3 1 1 0 0 0
1129 4 1 1 2 0 0 0 0 0
1130 1 0 0 0 0 0 1 0 0
1133 4 0 0 2 1 1 0 0 0
1134 4 0 0 2 0 0 0 0 0
1135 2 0 0 0 0 0 2 0 0
1136 6 0 0 3 0 0 0 0 0
1137 2 0 0 0 0 0 1 0 0
1164 2 0 0 1 0 0 1 0 0
1165 1 0 0 0 0 0 0 0 0
1168 2 1 1 1 0 0 1 0 0
1169 2 0 0 1 0 0 1 0 0
1170 1 0 0 0 0 0 0 0 0
1175 5 1 1 3 1 1 0 0 0
1178 2 0 0 0 0 0 0 0 0
1180 2 0 0 0 0 0 0 0 0
1182 3 1 1 1 0 0 0 0 0
1195 3 0 0 1 0 0 0 0 0
1196 8 0 0 4 0 0 1 0 0
1201 1 0 0 0 0 0 1 0 0
1203 1 1 1 0 0 0 1 1 1
1204 1 0 0 0 0 0 1 0 0
1206 2 0 0 1 0 0 0 0 0
1207 2 0 0 0 0 0 1 0 0
1211 2 0 0 1 0 0 0 0 0
1213 2 1 1 0 0 0 0 0 0
1218 2 0 0 0 0 0 1 0 0
1221 2 0 0 1 0 0 0 0 0
1237 3 1 1 0 0 0 1 0 0
1243 9 1 1 1 0 0 2 0 0
1248 2 1 1 1 0 0 1 0 0
1251 4 1 1 1 0 0 1 0 0
1253 1 0 0 0 0 0 1 0 0
1258 2 0 0 1 0 0 0 0 0
1261 3 0 0 2 0 0 1 0 0
1262 4 1 1 1 0 0 1 0 0
1263 2 0 0 0 0 0 1 0 0
1264 1 0 0 0 0 0 1 0 0
1265 1 0 0 1 0 0 0 0 0
1266 1 0 0 1 0 0 0 0 0
1271 2 0 0 1 0 0 0 0 0
1272 5 0 0 1 0 0 1 0 0
1289 2 1 1 1 1 1 0 0 0
1290 2 0 0 1 0 0 0 0 0
1292 4 0 0 1 0 0 0 0 0
1294 2 1 1 0 0 0 1 0 0
1295 4 0 0 1 0 0 1 1 1
1300 3 0 0 0 0 0 0 0 0
1301 5 0 0 1 1 1 0 0 0
1303 2 0 0 1 0 0 1 1 1
1304 2 0 0 1 0 0 1 0 0
1309 2 1 1 1 0 0 0 0 0
1314 3 0 0 1 0 0 0 0 0
1491 2 0 0 0 0 0 2 0 0
1499 3 1 1 1 0 0 0 0 0
1502 1 0 0 0 0 0 1 0 0
1506 3 0 0 1 0 0 0 0 0
1511 1 0 0 0 0 0 1 0 0
1512 1 0 0 0 0 0 1 0 0
1513 1 0 0 0 0 0 0 0 0
1517 3 0 0 1 0 0 0 0 0
1532 3 1 1 2 0 0 0 0 0
1533 1 0 0 0 0 0 0 0 0
1534 1 0 0 0 0 0 0 0 0
1536 3 0 0 1 0 0 0 0 0
1538 5 0 0 0 0 0 0 0 0
1539 3 0 0 0 0 0 1 0 0
1540 1 0 0 0 0 0 0 0 0
1542 6 1 1 1 0 0 1 0 0
1552 5 0 0 0 0 0 1 0 0
1629 4 0 0 2 0 0 0 0 0
1633 8 1 1 0 0 0 0 0 0
1634 1 0 0 0 0 0 0 0 0
1637 3 0 0 0 0 0 1 0 0
1638 1 0 0 1 0 0 0 0 0
1639 2 0 0 0 0 0 0 0 0
1640 2 0 0 0 0 0 0 0 0
1646 5 1 1 0 0 0 0 0 0
1647 8 0 0 1 0 0 1 0 0
1648 1 0 0 0 0 0 0 0 0
1650 6 1 1 1 0 0 1 0 0
1653 19 0 0 2 0 0 0 0 0
1654 28 0 0 14 0 0 0 0 0
1657 3 1 1 2 0 0 1 0 0
1658 4 1 1 1 0 0 0 0 0
1659 1 0 0 0 0 0 1 0 0
1661 18 1 1 0 0 0 0 0 0
1662 17 0 0 6 0 0 0 0 0
1672 1 1 1 0 0 0 1 0 0
1674 2 1 1 1 0 0 1 0 0
1675 3 0 0 1 0 0 0 0 0
1677 2 0 0 0 0 0 1 0 0
1679 4 0 0 1 0 0 0 0 0
1681 3 0 0 1 1 0 0 0 0
1682 1 0 0 1 0 0 0 0 0
1695 2 1 1 0 0 0 0 0 0
1696 2 0 0 0 0 0 1 0 0
1697 3 0 0 1 0 0 0 0 0
1699 2 0 0 1 0 0 0 0 0
1700 2 0 0 0 0 0 1 0 0
1708 5 0 0 1 0 0 1 0 0
1709 1 0 0 0 0 0 1 0 0
1710 5 0 0 0 0 0 1 0 0
1720 2 0 0 1 0 0 1 0 0
1721 2 1 1 1 0 0 0 0 0
1722 2 0 0 0 0 0 2 0 0
1724 2 0 0 1 0 0 0 0 0
1729 3 0 0 1 0 0 0 0 0
1959 3 0 0 1 1 1 0 0 0
2015 2 1 1 0 0 0 1 0 0
2019 4 1 1 2 0 0 2 0 0
2023 2 0 0 1 0 0 1 0 0
2026 2 0 0 1 0 0 0 0 0
2080 3 1 1 1 0 0 0 0 0
2087 1 0 0 1 0 0 0 0 0
2089 7 1 1 1 0 0 1 0 0
2091 17 1 1 0 0 0 0 0 0
2093 21 0 0 14 3 0 0 0 0
2098 14 0 0 14 3 0 0 0 0
2100 16 0 0 0 0 0 0 0 0
2102 1 1 1 0 0 0 1 0 0
2103 1 0 0 1 0 0 0 0 0
2106 7 0 0 7 0 0 0 0 0
2108 15 0 0 0 0 0 0 0 0
2109 48 0 0 12 5 0 6 0 0
2113 25 0 0 9 4 0 0 0 0
2114 6 0 0 0 0 0 2 0 0
2116 1 0 0 0 0 0 0 0 0
2118 6 0 0 1 1 0 1 0 0
2124 2 0 0 1 0 0 0 0 0
2129 4 1 1 2 1 0 0 0 0
2131 1 0 0 1 0 0 0 0 0
2136 3 1 1 1 0 0 1 0 0
2139 2 0 0 1 0 0 0 0 0
2148 3 0 0 2 2 0 0 0 0
2150 2 1 1 1 0 0 0 0 0
2165 5 0 0 0 0 0 0 0 0
2167 1 0 0 1 0 0 0 0 0
2168 5 0 0 1 0 0 1 0 0
2169 1 0 0 0 0 0 0 0 0
2171 6 1 1 1 0 0 1 0 0
2179 1 0 0 0 0 0 1 0 0
2183 3 0 0 1 0 0 0 0 0
2203 4 0 0 0 0 0 1 0 0
2204 1 0 0 0 0 0 1 0 0
2205 1 0 0 0 0 0 1 0 0
2206 1 0 0 0 0 0 0 0 0
2210 1 1 1 0 0 0 1 0 0
2215 8 0 0 7 2 0 0 0 0
2383 2 0 0 1 0 0 1 0 0
2385 1 0 0 0 0 0 1 1 1
2386 1 0 0 0 0 0 0 0 0
2390 13 1 1 1 0 0 4 0 0
2392 15 0 0 3 0 0 3 1 1
2396 107 1 1 21 0 0 0 0 0
2397 19 0 0 0 0 0 0 0 0
2399 4 0 0 0 0 0 0 0 0
2405 14 1 1 2 1 1 0 0 0
2426 6 1 1 0 0 0 1 0 0
2433 6 2 2 0 0 0 1 0 0
2435 3 0 0 0 0 0 1 0 0
2480 3 1 1 1 0 0 0 0 0
2481 6 1 1 0 0 0 1 0 0
2483 3 1 1 0 0 0 1 1 1
2553 3 0 0 1 0 0 0 0 0
2583 3 0 0 1 0 0 0 0 0
fn=handle_ld_preload
108 3 1 1 1 0 0 0 0 0
672 1 0 0 0 0 0 1 1 1
676 1 0 0 0 0 0 1 0 0
677 2 1 1 1 0 0 1 0 0
678 1 0 0 0 0 0 1 0 0
680 1 0 0 1 0 0 0 0 0
682 13 0 0 3 0 0 4 0 0
683 3 0 0 1 0 0 0 0 0
696 3 0 0 1 0 0 0 0 0
757 9 1 1 0 0 0 7 1 1
758 1 0 0 0 0 0 0 0 0
762 6 1 1 2 0 0 0 0 0
766 2 0 0 0 0 0 0 0 0
768 6 1 1 0 0 0 1 0 0
769 2 0 0 0 0 0 1 0 0
776 4 0 0 0 0 0 0 0 0
779 2 0 0 1 0 0 0 0 0
780 1 0 0 0 0 0 0 0 0
783 9 1 1 7 0 0 0 0 0
fn=init_tls
589 2 1 1 0 0 0 1 0 0
591 2 0 0 1 0 0 1 0 0
595 2 0 0 1 1 0 0 0 0
604 1 1 1 0 0 0 1 0 0
605 4 0 0 0 0 0 1 0 0
610 1 0 0 0 0 0 0 0 0
611 2 0 0 0 0 0 1 0 0
612 1 0 0 0 0 0 1 0 0
616 2 0 0 1 1 1 0 0 0
617 1 0 0 0 0 0 0 0 0
618 17 1 1 1 0 0 0 0 0
619 14 0 0 7 0 0 0 0 0
620 14 0 0 7 2 0 0 0 0
624 6 0 0 0 0 0 2 1 1
626 2 0 0 0 0 0 0 0 0
628 3 0 0 0 0 0 0 0 0
631 1 1 1 0 0 0 1 0 0
638 2 0 0 0 0 0 1 0 0
639 2 0 0 0 0 0 0 0 0
645 2 1 1 1 0 0 1 0 0
648 7 0 0 0 0 0 2 0 0
651 1 1 0 0 0 0 1 0 0
653 1 0 0 0 0 0 0 0 0
654 2 0 0 2 0 0 0 0 0
fn=map_doit
496 2 1 1 0 0 0 1 0 0
498 1 0 0 1 0 0 0 0 0
499 9 0 0 2 0 0 2 1 1
501 2 0 0 2 0 0 0 0 0
fn=rtld_lock_default_lock_recursive
704 260 2 1 260 4 1 0 0 0
fn=rtld_lock_default_unlock_recursive
710 260 0 0 260 1 0 0 0 0
fn=version_check_doit
529 2 1 1 0 0 0 1 0 0
531 6 1 0 2 0 0 1 0 0
535 2 0 0 2 0 0 0 0 0
fl=/build/glibc-Cl5G7W/glibc-2.23/elf/setup-vdso.h
fn=dl_main
24 2 0 0 1 0 0 0 0 0
fl=/build/glibc-Cl5G7W/glibc-2.23/iconv/gconv_simple.c
fn=__gconv_btwoc_ascii
52 512 1 1 0 0 0 0 0 0
55 128 0 0 128 0 0 0 0 0
fl=/build/glibc-Cl5G7W/glibc-2.23/io/../sysdeps/unix/syscall-template.S
fn=__write_nocancel
84 5 1 1 1 0 0 0 0 0
fn=access
84 24 1 1 0 0 0 0 0 0
86 30 0 0 6 0 0 6 0 0
fn=close
84 24 1 1 0 0 0 0 0 0
85 6 0 0 6 0 0 0 0 0
fn=open
84 52 1 1 0 0 0 0 0 0
85 6 0 0 6 0 0 0 0 0
86 35 0 0 7 0 0 7 0 0
fn=read
84 20 1 1 0 0 0 0 0 0
85 5 0 0 5 0 0 0 0 0
fn=write
84 2 1 1 1 0 0 0 0 0
fl=/build/glibc-Cl5G7W/glibc-2.23/io/../sysdeps/unix/sysv/linux/wordsize-64/fxstat.c
fn=_fxstat
33 7 0 0 0 0 0 0 0 0
34 14 2 2 0 0 0 0 0 0
35 42 0 0 0 0 0 0 0 0
39 7 0 0 7 0 0 0 0 0
fl=/build/glibc-Cl5G7W/glibc-2.23/io/../sysdeps/unix/sysv/linux/wordsize-64/xstat.c
fn=_xstat
33 4 0 0 0 0 0 0 0 0
34 8 1 1 0 0 0 0 0 0
35 36 0 0 3 0 0 3 0 0
39 1 0 0 1 0 0 0 0 0
fl=/build/glibc-Cl5G7W/glibc-2.23/libio/filedoalloc.c
fn=_IO_file_doallocate
95 5 1 1 0 0 0 3 0 0
110 8 0 0 3 0 0 1 0 0
112 4 0 0 1 0 0 0 0 0
115 9 0 0 0 0 0 0 0 0
117 1 1 1 1 0 0 0 0 0
120 2 0 0 1 0 0 0 0 0
123 3 1 1 1 0 0 0 0 0
127 3 0 0 0 0 0 1 0 0
128 2 0 0 0 0 0 0 0 0
129 1 0 0 0 0 0 0 0 0
130 4 0 0 0 0 0 1 0 0
131 1 0 0 0 0 0 0 0 0
132 5 0 0 4 0 0 0 0 0
fl=/build/glibc-Cl5G7W/glibc-2.23/libio/fileops.c
fn=_IO_do_write@@GLIBC_2.2.5
492 8 0 0 0 0 0 4 0 0
494 10 1 1 0 0 0 0 0 0
495 7 0 0 6 0 0 0 0 0
503 2 0 0 1 0 0 0 0 0
510 4 1 1 2 0 0 0 0 0
518 6 1 1 2 0 0 1 0 0
519 5 0 0 1 0 0 0 0 0
521 4 0 0 1 0 0 3 0 0
522 2 0 0 0 0 0 2 0 0
523 1 0 0 0 0 0 1 0 0
524 2 1 1 1 0 0 0 0 0
525 3 0 0 1 0 0 0 0 0
fn=_IO_file_overflow@@GLIBC_2.2.5
807 65 1 1 0 0 0 39 0 0
808 39 1 1 13 0 0 0 0 0
815 74 0 0 24 0 0 0 0 0
818 2 1 1 1 0 0 0 0 0
820 2 1 1 0 0 0 1 0 0
821 6 1 1 2 0 0 3 0 0
830 2 0 0 0 0 0 0 0 0
839 4 1 1 2 0 0 0 0 0
841 1 0 0 0 0 0 1 0 0
842 2 0 0 0 0 0 1 0 0
843 1 0 0 0 0 0 1 0 0
844 2 0 0 0 0 0 2 0 0
846 3 0 0 0 0 0 1 0 0
847 5 0 0 1 0 0 0 0 0
848 2 1 1 0 0 0 1 0 0
850 26 0 0 0 0 0 0 0 0
851 3 1 1 0 0 0 0 0 0
853 24 0 0 12 0 0 0 0 0
856 36 0 0 0 0 0 24 0 0
857 36 0 0 12 0 0 0 0 0
858 48 0 0 0 0 0 0 0 0
862 12 0 0 0 0 0 0 0 0
863 51 0 0 51 0 0 0 0 0
fn=_IO_file_setbuf@@GLIBC_2.2.5
450 2 0 0 0 0 0 1 0 0
451 3 0 0 0 0 0 1 0 0
454 2 0 0 0 0 0 2 0 0
455 2 1 1 1 0 0 1 0 0
456 3 0 0 0 0 0 3 0 0
458 1 0 0 0 0 0 0 0 0
459 2 0 0 2 0 0 0 0 0
fn=_IO_file_stat
1229 1 1 1 0 0 0 0 0 0
1230 3 0 0 1 0 0 0 0 0
fn=_IO_file_sync@@GLIBC_2.2.5
868 14 1 1 0 0 0 7 0 0
873 28 1 1 14 0 0 0 0 0
874 10 2 2 1 0 0 1 0 0
875 7 0 0 7 0 0 0 0 0
876 14 0 0 7 0 0 0 0 0
893 14 0 0 0 0 0 7 0 0
897 14 0 0 14 0 0 0 0 0
fn=_IO_file_write@@GLIBC_2.2.5
1256 6 0 0 0 0 0 5 0 0
1258 10 1 1 0 0 0 0 0 0
1262 2 0 0 0 0 0 0 0 0
1263 6 1 1 2 0 0 1 0 0
1264 2 1 1 0 0 0 0 0 0
1269 1 0 0 0 0 0 0 0 0
1270 1 0 0 0 0 0 0 0 0
1273 3 0 0 1 0 0 0 0 0
1276 6 0 0 6 0 0 0 0 0
fn=_IO_file_xsputn@@GLIBC_2.2.5
1280 10 1 1 0 0 0 6 0 0
1286 2 0 0 0 0 0 0 0 0
1287 1 1 1 0 0 0 0 0 0
1293 4 0 0 1 0 0 0 0 0
1310 4 0 0 2 1 1 0 0 0
1331 7 2 2 2 1 0 1 0 0
1337 2 0 0 2 0 0 0 0 0
1338 7 1 1 0 0 0 0 0 0
1340 3 0 0 0 0 0 0 0 0
1351 2 0 0 0 0 0 0 0 0
1352 6 1 1 0 0 0 1 0 0
1354 2 0 0 0 0 0 0 0 0
1355 8 0 0 7 0 0 0 0 0
fl=/build/glibc-Cl5G7W/glibc-2.23/libio/genops.c
fn=_IO_cleanup
888 12 0 0 4 0 0 0 0 0
890 6 1 1 3 1 0 0 0 0
892 7 0 0 2 0 0 0 0 0
898 16 2 2 6 0 0 2 0 0
906 5 0 0 2 0 0 0 0 0
908 2 0 0 0 0 0 1 0 0
910 2 1 1 1 0 0 1 0 0
911 1 0 0 0 0 0 1 0 0
912 2 0 0 1 0 0 1 0 0
915 5 0 0 2 0 0 1 0 0
917 3 0 0 1 0 0 0 0 0
921 5 1 1 1 0 0 0 0 0
922 8 1 1 3 0 0 1 0 0
928 3 0 0 0 0 0 3 0 0
948 5 1 1 0 0 0 4 0 0
951 3 0 0 0 0 0 1 0 0
963 7 0 0 5 0 0 0 0 0
fn=_IO_default_setbuf
381 5 1 1 1 0 0 0 0 0
383 1 0 0 0 0 0 1 0 0
384 1 0 0 0 0 0 1 0 0
388 2 1 1 0 0 0 1 0 0
522 6 2 2 0 0 0 3 0 0
523 4 0 0 2 0 0 1 0 0
525 2 0 0 0 0 0 0 0 0
527 2 0 0 0 0 0 1 0 0
528 2 0 0 0 0 0 0 0 0
532 2 0 0 1 0 0 0 0 0
535 3 0 0 0 0 0 3 0 0
536 3 0 0 0 0 0 3 0 0
537 1 0 0 0 0 0 0 0 0
538 4 0 0 4 0 0 0 0 0
fn=_IO_default_xsputn
422 10 1 1 0 0 0 5 0 0
425 2 1 1 0 0 0 0 0 0
430 52 0 0 26 0 0 0 0 0
455 134 1 1 36 0 0 12 0 0
457 12 0 0 0 0 0 0 0 0
459 2 1 1 0 0 0 0 0 0
460 6 0 0 6 0 0 0 0 0
fn=_IO_doallocbuf
394 3 0 0 0 0 0 3 0 0
395 2 1 1 1 0 0 0 0 0
397 4 0 0 1 0 0 0 0 0
398 5 1 1 2 1 0 1 0 0
401 4 0 0 4 0 0 0 0 0
fn=_IO_flush_all_lockp
760 8 1 1 0 0 0 6 0 0
766 4 1 1 0 0 0 0 0 0
771 1 0 0 1 0 0 0 0 0
772 1 1 1 1 1 0 0 0 0
773 8 0 0 0 0 0 0 0 0
775 3 0 0 0 0 0 3 0 0
776 6 1 1 0 0 0 0 0 0
777 2 0 0 1 0 0 0 0 0
779 21 2 2 9 2 1 0 0 0
789 6 1 1 0 0 0 0 0 0
791 3 1 1 0 0 0 3 0 0
793 11 1 1 3 0 0 0 0 0
800 3 0 0 3 2 0 0 0 0
804 2 0 0 0 0 0 0 0 0
806 2 0 0 0 0 0 0 0 0
810 9 0 0 7 0 0 0 0 0
fn=_IO_setb
380 3 1 1 0 0 0 1 0 0
381 4 0 0 2 0 0 0 0 0
383 1 0 0 0 0 0 1 0 0
384 1 0 0 0 0 0 1 0 0
386 6 0 0 0 0 0 1 0 0
389 3 0 0 2 0 0 0 0 0
fl=/build/glibc-Cl5G7W/glibc-2.23/libio/iofflush.c
fn=fflush
32 6 0 0 0 0 0 6 0 0
33 12 1 1 0 0 0 0 0 0
39 96 2 2 48 3 2 6 0 0
40 48 0 0 12 0 0 6 0 0
44 18 0 0 12 0 0 0 0 0
fl=/build/glibc-Cl5G7W/glibc-2.23/libio/iofwrite.c
fn=fwrite
31 5 1 1 0 0 0 5 0 0
32 2 0 0 0 0 0 0 0 0
35 2 0 0 0 0 0 0 0 0
37 18 2 2 8 3 0 1 0 0
38 8 1 1 1 1 0 1 0 0
39 7 1 1 2 1 0 1 0 0
45 2 0 0 0 0 0 0 0 0
46 1 0 0 0 0 0 0 0 0
49 6 0 0 6 0 0 0 0 0
fl=/build/glibc-Cl5G7W/glibc-2.23/libio/libioP.h
fn=fflush
866 12 0 0 6 0 0 0 0 0
867 48 1 1 24 0 0 6 0 0
fn=fwrite
866 2 0 0 1 0 0 0 0 0
867 9 1 1 4 0 0 1 0 0
fl=/build/glibc-Cl5G7W/glibc-2.23/locale/newlocale.c
fn=newlocale
44 10 1 1 0 0 0 7 0 0
56 2 0 0 0 0 0 0 0 0
57 2 2 2 0 0 0 0 0 0
64 2 0 0 0 0 0 0 0 0
67 4 1 1 1 0 0 0 0 0
73 2 0 0 0 0 0 0 0 0
74 6 1 1 2 0 0 0 0 0
76 1 0 0 0 0 0 0 0 0
279 8 0 0 7 0 0 0 0 0
fl=/build/glibc-Cl5G7W/glibc-2.23/locale/uselocale.c
fn=uselocale
31 4 1 1 4 2 0 0 0 0
33 6 1 1 0 0 0 0 0 0
36 4 0 0 0 0 0 0 0 0
37 2 0 0 0 0 0 2 0 0
65 6 0 0 4 2 0 2 0 0
66 6 0 0 4 1 0 2 0 0
68 6 0 0 4 0 0 2 0 0
72 6 1 1 0 0 0 0 0 0
73 2 0 0 2 0 0 0 0 0
fl=/build/glibc-Cl5G7W/glibc-2.23/malloc/arena.c
fn=malloc_hook_ini
260 3 0 0 1 1 1 0 0 0
fn=ptmalloc_init.part.5
221 237 0 0 79 11 0 0 0 0
223 156 0 0 78 39 0 0 0 0
224 2 0 0 1 0 0 0 0 0
225 2 0 0 1 0 0 0 0 0
239 78 0 0 0 0 0 0 0 0
258 6 1 1 0 0 0 5 0 0
263 1 0 0 0 0 0 1 0 0
271 2 1 1 1 0 0 0 0 0
272 7 2 2 0 0 0 1 0 0
273 4 0 0 2 1 0 0 0 0
277 3 0 0 1 1 0 1 1 0
279 5 0 0 2 2 0 0 0 0
295 2 1 1 0 0 0 0 0 0
340 2 1 1 0 0 0 0 0 0
346 2 0 0 2 1 1 0 0 0
347 2 0 0 0 0 0 0 0 0
349 1 0 0 0 0 0 1 1 0
350 7 0 0 6 0 0 0 0 0
fn=sysmalloc
488 3 0 0 0 0 0 1 0 0
fl=/build/glibc-Cl5G7W/glibc-2.23/malloc/hooks.c
fn=malloc_hook_ini
29 4 1 1 0 0 0 2 0 0
30 2 1 1 1 0 0 1 0 0
33 4 0 0 3 1 0 0 0 0
fl=/build/glibc-Cl5G7W/glibc-2.23/malloc/malloc.c
fn=_int_malloc
1879 7 1 1 2 0 0 0 0 0
3319 14 0 0 0 0 0 12 0 0
3349 20 2 1 0 0 0 0 0 0
3353 6 2 1 0 0 0 2 0 0
3367 4 0 0 2 2 1 0 0 0
3404 4 2 1 0 0 0 0 0 0
3448 26 6 5 0 0 0 2 0 0
3449 4 1 0 2 0 0 0 0 0
3450 2 0 0 0 0 0 1 0 0
3469 10 1 1 2 1 0 0 0 0
3603 4 2 1 0 0 0 0 0 0
3605 8 2 1 2 0 0 0 0 0
3608 8 0 0 2 1 0 0 0 0
3676 4 0 0 2 0 0 0 0 0
3677 4 2 1 0 0 0 0 0 0
3678 4 0 0 0 0 0 0 0 0
3679 4 0 0 2 2 0 0 0 0
3680 4 0 0 0 0 0 0 0 0
3685 4 0 0 0 0 0 0 0 0
3689 9 2 1 0 0 0 0 0 0
3692 4 0 0 1 0 0 0 0 0
3792 2 2 1 2 1 0 0 0 0
3793 4 0 0 2 1 0 0 0 0
3795 6 0 0 0 0 0 0 0 0
3797 1 0 0 0 0 0 0 0 0
3798 1 0 0 0 0 0 0 0 0
3799 1 0 0 0 0 0 1 0 0
3800 8 2 1 0 0 0 1 0 0
3802 2 0 0 0 0 0 1 1 1
3805 1 0 0 0 0 0 0 0 0
3812 2 0 0 1 0 0 0 0 0
3817 6 0 0 0 0 0 2 0 0
3819 52 3 2 0 0 0 20 0 0
3827 3 2 2 0 0 0 1 0 0
3828 2 0 0 0 0 0 0 0 0
3833 18 4 2 14 0 0 0 0 0
5002 6 0 0 0 0 0 4 0 0
5004 8 0 0 0 0 0 2 0 0
fn=malloc
2902 6 2 1 0 0 0 4 0 0
2907 4 0 0 4 3 0 0 0 0
2908 4 2 1 0 0 0 0 0 0
2909 2 1 1 1 0 0 0 0 0
2911 14 1 1 5 1 0 0 0 0
2913 4 1 1 0 0 0 1 0 0
2916 2 0 0 0 0 0 0 0 0
2924 4 0 0 2 0 0 0 0 0
2926 11 1 1 1 0 0 0 0 0
2929 7 0 0 5 0 0 0 0 0
fn=malloc_consolidate
1805 254 0 0 0 0 0 0 0 0
1808 381 0 0 0 0 0 254 32 32
1812 3 1 1 0 0 0 0 0 0
1816 3 1 1 1 0 0 1 0 0
1817 3 0 0 1 0 0 1 0 0
1819 1 0 0 0 0 0 1 1 1
4144 2 1 1 1 0 0 0 0 0
4996 4 1 1 0 0 0 0 0 0
fn=malloc_hook_ini
2908 2 0 0 0 0 0 0 0 0
2911 13 2 2 5 1 0 0 0 0
2913 4 1 1 0 0 0 1 0 0
2916 2 0 0 0 0 0 0 0 0
2923 2 1 1 1 1 0 1 0 0
2924 4 0 0 2 0 0 0 0 0
2926 11 1 1 1 0 0 0 0 0
fn=sysmalloc
2268 8 1 1 0 0 0 6 1 0
2288 2 0 0 2 2 0 0 0 0
2299 2 0 0 0 0 0 0 0 0
2300 5 1 1 1 0 0 1 1 0
2315 5 0 0 0 0 0 2 0 0
2321 1 1 1 0 0 0 0 0 0
2380 1 0 0 1 0 0 0 0 0
2381 3 0 0 1 0 0 0 0 0
2382 1 1 1 0 0 0 0 0 0
2391 6 0 0 1 0 0 0 0 0
2397 4 0 0 0 0 0 1 0 0
2400 3 0 0 0 0 0 0 0 0
2455 4 0 0 1 0 0 0 0 0
2463 2 1 1 1 0 0 0 0 0
2464 1 0 0 0 0 0 0 0 0
2474 6 1 1 0 0 0 2 0 0
2482 2 0 0 0 0 0 0 0 0
2484 6 1 1 2 0 0 3 1 0
2485 1 0 0 0 0 0 0 0 0
2488 4 1 1 2 0 0 0 0 0
2491 2 0 0 2 1 0 0 0 0
2492 2 0 0 0 0 0 0 0 0
2512 2 0 0 0 0 0 0 0 0
2538 2 0 0 1 1 1 0 0 0
2539 5 1 1 0 0 0 2 0 0
2540 3 0 0 1 0 0 1 0 0
2546 2 1 1 0 0 0 0 0 0
2549 7 2 2 1 0 0 0 0 0
2586 2 0 0 0 0 0 0 0 0
2592 3 0 0 0 0 0 0 0 0
2611 1 0 0 0 0 0 0 0 0
2614 2 0 0 0 0 0 0 0 0
2615 6 1 1 2 0 0 0 0 0
2617 2 0 0 0 0 0 0 0 0
2618 3 0 0 2 0 0 1 0 0
2630 2 0 0 0 0 0 0 0 0
2638 3 1 1 3 0 0 0 0 0
2639 3 0 0 1 0 0 0 0 0
2677 1 0 0 0 0 0 1 0 0
2678 5 0 0 0 0 0 1 1 1
2679 2 0 0 0 0 0 1 0 0
2690 2 0 0 0 0 0 0 0 0
2723 2 1 1 1 0 0 0 0 0
2724 1 0 0 0 0 0 1 0 0
2732 4 0 0 2 0 0 0 0 0
2734 1 0 0 0 0 0 0 0 0
2735 1 0 0 0 0 0 0 0 0
2736 1 0 0 0 0 0 1 0 0
2737 8 1 1 0 0 0 1 0 0
2738 2 0 0 0 0 0 1 1 1
2740 1 0 0 0 0 0 0 0 0
2746 9 0 0 7 0 0 0 0 0
fl=/build/glibc-Cl5G7W/glibc-2.23/malloc/morecore.c
fn=__default_morecore
46 2 1 1 0 0 0 0 0 0
47 2 0 0 0 0 0 2 0 0
48 6 0 0 0 0 0 0 0 0
52 4 0 0 2 0 0 0 0 0
fl=/build/glibc-Cl5G7W/glibc-2.23/math/../sysdeps/x86_64/fpu/multiarch/e_asin.c
fn=__acos_finite
10 5 2 2 3 0 0 0 0 0
fn=__asin_finite
16 5 0 0 3 0 0 0 0 0
fl=/build/glibc-Cl5G7W/glibc-2.23/math/../sysdeps/x86_64/fpu/multiarch/e_atan2.c
fn=__atan2_finite
9 8 2 2 3 0 0 0 0 0
fl=/build/glibc-Cl5G7W/glibc-2.23/math/../sysdeps/x86_64/fpu/multiarch/e_exp.c
fn=__exp_finite
9 8 1 1 3 0 0 0 0 0
fl=/build/glibc-Cl5G7W/glibc-2.23/math/../sysdeps/x86_64/fpu/multiarch/e_log.c
fn=__log_finite
9 8 2 2 3 0 0 0 0 0
fl=/build/glibc-Cl5G7W/glibc-2.23/math/../sysdeps/x86_64/fpu/multiarch/e_pow.c
fn=__pow_finite
8 5 1 1 3 0 0 0 0 0
fl=/build/glibc-Cl5G7W/glibc-2.23/math/../sysdeps/x86_64/fpu/multiarch/s_ceil.S
fn=ceil
25 1 1 1 1 0 0 0 0 0
26 1 0 0 0 0 0 0 0 0
27 1 1 1 1 0 0 0 0 0
28 1 0 0 0 0 0 0 0 0
30 1 0 0 1 0 0 0 0 0
fl=/build/glibc-Cl5G7W/glibc-2.23/math/../sysdeps/x86_64/fpu/multiarch/s_ceilf.S
fn=ceilf
25 1 1 1 1 0 0 0 0 0
26 1 0 0 0 0 0 0 0 0
27 1 0 0 1 0 0 0 0 0
28 1 0 0 0 0 0 0 0 0
30 1 0 0 1 0 0 0 0 0
fl=/build/glibc-Cl5G7W/glibc-2.23/math/../sysdeps/x86_64/fpu/multiarch/s_floor.S
fn=floor
25 1 1 1 1 0 0 0 0 0
26 1 0 0 0 0 0 0 0 0
27 1 1 1 1 0 0 0 0 0
28 1 0 0 0 0 0 0 0 0
30 1 0 0 1 0 0 0 0 0
fl=/build/glibc-Cl5G7W/glibc-2.23/math/../sysdeps/x86_64/fpu/multiarch/s_floorf.S
fn=floorf
25 1 1 1 1 0 0 0 0 0
26 1 0 0 0 0 0 0 0 0
27 1 1 1 1 0 0 0 0 0
28 1 0 0 0 0 0 0 0 0
30 1 0 0 1 0 0 0 0 0
fl=/build/glibc-Cl5G7W/glibc-2.23/math/../sysdeps/x86_64/fpu/multiarch/s_rint.S
fn=rint
25 1 1 1 1 0 0 0 0 0
26 1 0 0 0 0 0 0 0 0
27 1 0 0 1 0 0 0 0 0
28 1 0 0 0 0 0 0 0 0
30 1 1 1 1 0 0 0 0 0
fl=/build/glibc-Cl5G7W/glibc-2.23/math/../sysdeps/x86_64/fpu/multiarch/s_rintf.S
fn=rintf
25 1 1 1 1 0 0 0 0 0
26 1 0 0 0 0 0 0 0 0
27 1 0 0 1 0 0 0 0 0
28 1 0 0 0 0 0 0 0 0
30 1 0 0 1 0 0 0 0 0
fl=/build/glibc-Cl5G7W/glibc-2.23/math/../sysdeps/x86_64/fpu/multiarch/s_sin.c
fn=cos
12 8 2 2 3 0 0 0 0 0
fn=sin
17 8 1 1 3 0 0 0 0 0
fl=/build/glibc-Cl5G7W/glibc-2.23/misc/../sysdeps/unix/syscall-template.S
fn=mprotect
84 44 1 1 0 0 0 0 0 0
85 11 0 0 11 0 0 0 0 0
fn=munmap
84 4 1 1 0 0 0 0 0 0
85 1 0 0 1 0 0 0 0 0
fl=/build/glibc-Cl5G7W/glibc-2.23/misc/../sysdeps/unix/sysv/linux/wordsize-64/mmap.c
fn=mmap
32 180 0 0 0 0 0 108 4 4
33 104 2 2 5 0 0 0 0 0
34 180 0 0 0 0 0 0 0 0
36 126 0 0 126 0 0 0 0 0
fl=/build/glibc-Cl5G7W/glibc-2.23/misc/../sysdeps/unix/sysv/linux/x86_64/brk.c
fn=brk
31 16 1 1 2 0 0 2 0 0
33 4 0 0 0 0 0 0 0 0
39 2 0 0 0 0 0 0 0 0
40 2 0 0 2 0 0 0 0 0
fl=/build/glibc-Cl5G7W/glibc-2.23/misc/init-misc.c
fn=__init_misc
30 3 0 0 0 0 0 2 0 0
31 6 1 1 1 0 0 0 0 0
33 3 0 0 0 0 0 1 0 0
37 5 1 1 1 1 0 1 1 0
38 3 0 0 2 1 0 1 0 0
40 4 0 0 3 0 0 0 0 0
fl=/build/glibc-Cl5G7W/glibc-2.23/misc/sbrk.c
fn=sbrk
34 8 1 1 0 0 0 6 0 0
42 11 0 0 5 3 1 0 0 0
43 6 1 1 1 0 0 1 0 0
46 4 0 0 0 0 0 0 0 0
50 6 0 0 0 0 0 0 0 0
58 4 0 0 0 0 0 1 0 0
62 10 1 1 8 0 0 0 0 0
fl=/build/glibc-Cl5G7W/glibc-2.23/nptl/unregister-atfork.c
fn=__unregister_atfork
28 16 1 1 0 0 0 8 0 0
36 4 0 0 4 0 0 0 0 0
39 8 1 1 0 0 0 0 0 0
121 12 0 0 12 0 0 0 0 0
fl=/build/glibc-Cl5G7W/glibc-2.23/posix/../sysdeps/unix/syscall-template.S
fn=uname
84 4 1 1 0 0 0 0 0 0
85 1 0 0 1 0 0 0 0 0
fl=/build/glibc-Cl5G7W/glibc-2.23/posix/../sysdeps/unix/sysv/linux/_exit.c
fn=_Exit
27 2 1 1 1 0 0 0 0 0
31 4 1 1 0 0 0 0 0 0
33 2 0 0 0 0 0 0 0 0
fl=/build/glibc-Cl5G7W/glibc-2.23/setjmp/../sysdeps/x86_64/bsd-_setjmp.S
fn=_setjmp
30 1 1 1 0 0 0 0 0 0
32 1 0 0 0 0 0 0 0 0
fl=/build/glibc-Cl5G7W/glibc-2.23/setjmp/../sysdeps/x86_64/setjmp.S
fn=__sigsetjmp
26 12 2 2 0 0 0 12 2 2
35 12 0 0 0 0 0 0 0 0
36 24 1 1 12 0 0 0 0 0
37 12 0 0 0 0 0 12 0 0
41 12 0 0 0 0 0 12 0 0
42 12 0 0 0 0 0 12 0 0
43 12 0 0 0 0 0 12 0 0
44 12 0 0 0 0 0 12 0 0
45 12 0 0 0 0 0 0 0 0
47 24 1 1 12 0 0 0 0 0
49 12 0 0 0 0 0 12 0 0
50 12 0 0 12 0 0 0 0 0
51 12 0 0 0 0 0 0 0 0
53 24 0 0 12 0 0 0 0 0
55 12 1 1 0 0 0 12 0 0
59 11 0 0 0 0 0 0 0 0
60 11 0 0 11 0 0 0 0 0
64 1 0 0 0 0 0 0 0 0
fl=/build/glibc-Cl5G7W/glibc-2.23/setjmp/sigjmp.c
fn=__sigjmp_save
28 3 0 0 0 0 0 1 0 0
29 3 0 0 0 0 0 1 0 0
34 3 0 0 2 0 0 0 0 0
fl=/build/glibc-Cl5G7W/glibc-2.23/stdlib/cxa_atexit.c
fn=__cxa_atexit
35 14 0 0 0 0 0 7 0 0
37 14 0 0 0 0 0 0 0 0
41 21 0 0 7 1 0 0 0 0
43 7 0 0 0 0 0 7 0 0
44 7 0 0 0 0 0 7 3 0
45 7 0 0 0 0 0 7 0 0
47 7 1 1 0 0 0 7 0 0
48 7 0 0 0 0 0 0 0 0
57 42 2 1 0 0 0 21 0 0
59 28 0 0 28 0 0 0 0 0
fn=__new_exitfn
73 28 2 1 0 0 0 14 0 0
79 42 1 1 14 5 2 0 0 0
81 45 1 1 8 3 0 0 0 0
83 33 1 1 7 3 0 0 0 0
84 30 0 0 6 2 0 0 0 0
91 2 0 0 0 0 0 1 0 0
94 12 0 0 0 0 0 0 0 0
112 1 1 1 0 0 0 0 0 0
113 2 1 1 0 0 0 1 0 0
119 18 0 0 0 0 0 0 0 0
120 12 0 0 0 0 0 6 0 0
126 7 1 1 0 0 0 7 1 0
127 7 0 0 7 3 1 0 0 0
130 28 0 0 14 0 0 0 0 0
133 35 0 0 21 0 0 0 0 0
fl=/build/glibc-Cl5G7W/glibc-2.23/stdlib/cxa_finalize.c
fn=__cxa_finalize
31 32 0 0 0 0 0 24 0 0
35 28 1 1 8 0 0 0 0 0
39 92 1 1 4 0 0 0 0 0
44 40 0 0 20 1 0 0 0 0
46 15 0 0 5 0 0 0 0 0
47 5 0 0 5 0 0 0 0 0
48 24 1 1 10 0 0 0 0 0
51 5 0 0 5 0 0 0 0 0
54 10 0 0 5 0 0 0 0 0
56 10 0 0 0 0 0 5 0 0
60 10 0 0 5 0 0 0 0 0
67 28 1 1 8 1 0 0 0 0
71 24 0 0 4 0 0 0 0 0
79 8 0 0 0 0 0 0 0 0
80 8 0 0 0 0 0 0 0 0
82 28 1 1 24 0 0 0 0 0
fl=/build/glibc-Cl5G7W/glibc-2.23/stdlib/cxa_thread_atexit_impl.c
fn=__call_tls_dtors
145 3 1 1 0 0 0 2 0 0
146 4 0 0 2 0 0 0 0 0
164 4 1 1 3 0 0 0 0 0
fl=/build/glibc-Cl5G7W/glibc-2.23/stdlib/exit.c
fn=__run_exit_handlers
35 8 1 1 0 0 0 4 0 0
40 2 0 0 1 0 0 1 0 0
46 11 0 0 3 0 0 0 0 0
50 19 1 1 0 0 0 0 0 0
52 7 0 0 0 0 0 7 0 0
53 7 0 0 0 0 0 0 0 0
54 50 0 0 7 0 0 0 0 0
78 4 1 1 0 0 0 0 0 0
80 6 0 0 4 0 0 0 0 0
82 6 0 0 2 0 0 2 0 0
83 2 0 0 0 0 0 0 0 0
87 2 0 0 1 0 0 1 0 0
88 2 0 0 0 0 0 0 0 0
94 2 1 1 0 0 0 0 0 0
95 8 0 0 1 1 0 1 0 0
97 2 0 0 0 0 0 1 0 0
fn=exit
103 1 0 0 0 0 0 0 0 0
104 3 2 2 0 0 0 1 0 0
fl=/build/glibc-Cl5G7W/glibc-2.23/string/../bits/stdlib-bsearch.h
fn=intel_check_word
27 8 0 0 0 0 0 0 0 0
28 16 0 0 0 0 0 0 0 0
29 112 0 0 0 0 0 0 0 0
31 152 0 0 0 0 0 0 0 0
32 54 0 0 0 0 0 0 0 0
37 10 1 1 0 0 0 0 0 0
fl=/build/glibc-Cl5G7W/glibc-2.23/string/../string/memmove.c
fn=memmove
45 48 2 1 0 0 0 32 0 0
51 32 0 0 0 0 0 0 0 0
59 32 2 1 0 0 0 0 0 0
62 20 0 0 0 0 0 0 0 0
63 8 0 0 0 0 0 0 0 0
75 56 4 2 0 0 0 4 0 0
81 140 0 0 20 0 0 20 0 0
112 56 2 1 40 0 0 0 0 0
fl=/build/glibc-Cl5G7W/glibc-2.23/string/../sysdeps/x86_64/cacheinfo.c
fn=handle_intel
261 16 0 0 0 0 0 12 0 0
262 4 1 1 0 0 0 0 0 0
273 6 0 0 0 0 0 2 0 0
275 2 1 1 0 0 0 2 0 0
276 4 0 0 0 0 0 2 0 0
278 2 0 0 0 0 0 0 0 0
284 10 1 1 0 0 0 2 0 0
289 4 0 0 0 0 0 0 0 0
291 6 0 0 0 0 0 2 0 0
292 2 0 0 0 0 0 0 0 0
296 8 0 0 0 0 0 2 0 0
297 4 0 0 0 0 0 0 0 0
300 10 1 1 0 0 0 2 0 0
301 4 0 0 0 0 0 0 0 0
318 16 1 1 14 0 0 0 0 0
fn=init_cacheinfo
482 5 1 1 0 0 0 5 0 0
494 4 0 0 2 1 0 0 0 0
496 5 0 0 1 0 0 1 0 0
499 1 0 0 0 0 0 0 0 0
500 4 1 1 0 0 0 1 0 0
502 2 0 0 0 0 0 0 0 0
511 2 0 0 0 0 0 0 0 0
513 1 0 0 1 0 0 0 0 0
514 1 0 0 1 0 0 0 0 0
516 1 0 0 0 0 0 0 0 0
521 18 1 1 0 0 0 0 0 0
527 8 0 0 0 0 0 0 0 0
530 20 0 0 0 0 0 0 0 0
532 1 1 1 0 0 0 0 0 0
538 6 0 0 0 0 0 0 0 0
545 11 1 1 0 0 0 0 0 0
547 2 0 0 0 0 0 0 0 0
548 2 0 0 0 0 0 0 0 0
549 8 0 0 0 0 0 0 0 0
551 4 0 0 0 0 0 0 0 0
556 1 0 0 0 0 0 0 0 0
558 3 0 0 0 0 0 0 0 0
559 4 0 0 0 0 0 0 0 0
564 2 0 0 0 0 0 0 0 0
565 6 1 1 0 0 0 0 0 0
596 4 0 0 0 0 0 0 0 0
597 5 0 0 0 0 0 0 0 0
652 2 0 0 0 0 0 0 0 0
654 3 1 1 0 0 0 1 0 0
655 1 0 0 0 0 0 1 1 1
657 1 0 0 0 0 0 0 0 0
658 3 0 0 0 0 0 1 0 0
659 1 0 0 0 0 0 1 0 0
662 2 0 0 0 0 0 0 0 0
664 3 0 0 0 0 0 1 0 0
665 1 0 0 0 0 0 1 0 0
667 1 1 1 0 0 0 0 0 0
668 3 0 0 0 0 0 1 0 0
669 1 0 0 0 0 0 1 0 0
671 6 0 0 6 0 0 0 0 0
fn=intel_check_word
121 108 0 0 54 6 6 0 0 0
124 54 1 1 0 0 0 0 0 0
132 24 0 0 0 0 0 16 0 0
133 8 1 1 0 0 0 0 0 0
135 2 0 0 0 0 0 0 0 0
139 28 1 1 0 0 0 0 0 0
141 24 0 0 0 0 0 0 0 0
143 10 0 0 0 0 0 0 0 0
145 20 0 0 0 0 0 0 0 0
153 20 1 1 0 0 0 0 0 0
165 17 1 1 0 0 0 0 0 0
168 15 0 0 0 0 0 0 0 0
172 10 1 1 0 0 0 0 0 0
174 10 0 0 0 0 0 0 0 0
175 26 0 0 0 0 0 0 0 0
177 21 0 0 0 0 0 0 0 0
178 10 0 0 0 0 0 0 0 0
179 10 0 0 0 0 0 0 0 0
180 6 0 0 0 0 0 0 0 0
182 2 1 1 0 0 0 0 0 0
184 4 0 0 0 0 0 0 0 0
186 32 2 2 0 0 0 0 0 0
197 3 0 0 0 0 0 0 0 0
204 16 0 0 0 0 0 0 0 0
209 8 0 0 4 0 0 0 0 0
212 24 0 0 8 0 0 0 0 0
226 8 0 0 0 0 0 0 0 0
251 8 0 0 0 0 0 0 0 0
256 24 0 0 20 0 0 0 0 0
fl=/build/glibc-Cl5G7W/glibc-2.23/string/../sysdeps/x86_64/memcpy.S
fn=mempcpy
61 30 1 1 0 0 0 0 0 0
65 30 0 0 0 0 0 0 0 0
68 28 0 0 0 0 0 0 0 0
69 28 0 0 0 0 0 0 0 0
71 10 0 0 10 2 2 0 0 0
72 10 0 0 0 0 0 10 2 2
74 10 1 1 0 0 0 0 0 0
75 10 0 0 0 0 0 0 0 0
80 28 0 0 0 0 0 0 0 0
81 28 0 0 0 0 0 0 0 0
83 17 0 0 17 0 0 0 0 0
84 17 0 0 0 0 0 17 1 1
86 17 0 0 0 0 0 0 0 0
87 17 0 0 0 0 0 0 0 0
92 28 0 0 0 0 0 0 0 0
93 28 0 0 0 0 0 0 0 0
95 10 0 0 10 0 0 0 0 0
96 10 0 0 0 0 0 10 0 0
98 10 0 0 0 0 0 0 0 0
99 10 0 0 0 0 0 0 0 0
104 28 0 0 0 0 0 0 0 0
105 28 0 0 0 0 0 0 0 0
107 14 0 0 14 0 0 0 0 0
108 14 0 0 0 0 0 14 0 0
110 14 0 0 0 0 0 0 0 0
111 28 0 0 0 0 0 0 0 0
116 28 1 1 0 0 0 0 0 0
117 35 0 0 0 0 0 0 0 0
122 7 0 0 7 1 0 0 0 0
123 7 0 0 7 0 0 0 0 0
124 7 0 0 0 0 0 7 1 1
125 7 0 0 0 0 0 7 1 1
127 7 0 0 0 0 0 0 0 0
129 7 0 0 0 0 0 0 0 0
130 7 0 0 0 0 0 0 0 0
132 7 0 0 0 0 0 0 0 0
138 28 0 0 0 0 0 0 0 0
142 28 0 0 28 0 0 0 0 0
154 5 0 0 0 0 0 0 0 0
156 5 0 0 0 0 0 0 0 0
157 5 0 0 0 0 0 0 0 0
183 5 1 1 0 0 0 0 0 0
184 5 0 0 0 0 0 0 0 0
187 5 0 0 0 0 0 0 0 0
188 5 0 0 0 0 0 0 0 0
189 5 0 0 0 0 0 0 0 0
194 5 0 0 0 0 0 0 0 0
196 5 0 0 5 0 0 0 0 0
197 5 0 0 5 0 0 0 0 0
198 5 0 0 5 0 0 0 0 0
199 5 1 1 5 0 0 0 0 0
201 5 0 0 0 0 0 5 0 0
202 5 0 0 0 0 0 5 0 0
203 5 0 0 0 0 0 5 1 1
204 5 0 0 0 0 0 5 0 0
206 5 0 0 0 0 0 0 0 0
207 5 0 0 0 0 0 0 0 0
209 5 0 0 0 0 0 0 0 0
231 5 1 1 0 0 0 0 0 0
233 5 0 0 0 0 0 0 0 0
235 2 0 0 0 0 0 0 0 0
242 2 0 0 2 0 0 0 0 0
fl=/build/glibc-Cl5G7W/glibc-2.23/string/../sysdeps/x86_64/multiarch/../memcmp.S
fn=__GI_memcmp
24 49 1 1 0 0 0 0 0 0
25 49 0 0 0 0 0 0 0 0
26 49 0 0 0 0 0 0 0 0
27 49 1 1 0 0 0 0 0 0
28 49 0 0 0 0 0 0 0 0
29 49 0 0 0 0 0 0 0 0
30 49 0 0 0 0 0 0 0 0
31 49 0 0 0 0 0 0 0 0
34 49 0 0 0 0 0 0 0 0
35 49 0 0 0 0 0 0 0 0
36 48 0 0 48 0 0 0 0 0
37 48 0 0 48 0 0 0 0 0
38 48 0 0 0 0 0 0 0 0
39 48 0 0 0 0 0 0 0 0
40 48 0 0 0 0 0 0 0 0
41 48 0 0 0 0 0 0 0 0
42 48 0 0 0 0 0 0 0 0
44 11 0 0 0 0 0 0 0 0
45 11 1 1 0 0 0 0 0 0
46 1 0 0 1 0 0 0 0 0
47 1 0 0 1 0 0 0 0 0
48 1 0 0 0 0 0 0 0 0
49 1 0 0 0 0 0 0 0 0
50 1 0 0 0 0 0 0 0 0
51 1 0 0 0 0 0 0 0 0
52 1 0 0 0 0 0 0 0 0
54 11 0 0 0 0 0 0 0 0
55 11 0 0 0 0 0 0 0 0
56 11 0 0 11 0 0 0 0 0
57 11 0 0 11 0 0 0 0 0
58 11 0 0 0 0 0 0 0 0
59 11 0 0 0 0 0 0 0 0
94 38 0 0 38 0 0 0 0 0
98 11 1 1 0 0 0 0 0 0
99 11 0 0 0 0 0 0 0 0
100 1 0 0 0 0 0 0 0 0
101 1 0 0 0 0 0 0 0 0
102 1 0 0 0 0 0 0 0 0
103 1 0 0 0 0 0 0 0 0
104 1 0 0 0 0 0 0 0 0
105 1 0 0 0 0 0 0 0 0
106 1 0 0 0 0 0 0 0 0
107 1 0 0 0 0 0 0 0 0
108 1 0 0 0 0 0 0 0 0
109 1 0 0 0 0 0 0 0 0
110 1 0 0 1 0 0 0 0 0
114 10 0 0 0 0 0 0 0 0
115 10 0 0 10 0 0 0 0 0
fn=bcmp
24 27 1 1 0 0 0 0 0 0
25 27 0 0 0 0 0 0 0 0
26 27 0 0 0 0 0 0 0 0
27 27 0 0 0 0 0 0 0 0
28 27 0 0 0 0 0 0 0 0
29 27 0 0 0 0 0 0 0 0
30 27 0 0 0 0 0 0 0 0
31 27 1 1 0 0 0 0 0 0
34 27 0 0 0 0 0 0 0 0
35 27 0 0 0 0 0 0 0 0
36 8 0 0 8 1 1 0 0 0
37 8 0 0 8 3 3 0 0 0
38 8 0 0 0 0 0 0 0 0
39 8 0 0 0 0 0 0 0 0
40 8 0 0 0 0 0 0 0 0
41 8 0 0 0 0 0 0 0 0
42 8 0 0 0 0 0 0 0 0
44 26 0 0 0 0 0 0 0 0
45 26 0 0 0 0 0 0 0 0
46 9 0 0 9 0 0 0 0 0
47 9 0 0 9 0 0 0 0 0
48 9 0 0 0 0 0 0 0 0
49 9 0 0 0 0 0 0 0 0
50 9 0 0 0 0 0 0 0 0
51 9 0 0 0 0 0 0 0 0
52 9 0 0 0 0 0 0 0 0
54 26 1 1 0 0 0 0 0 0
55 26 0 0 0 0 0 0 0 0
56 8 0 0 8 1 1 0 0 0
57 8 0 0 8 1 1 0 0 0
58 8 0 0 0 0 0 0 0 0
59 8 0 0 0 0 0 0 0 0
60 2 0 0 0 0 0 0 0 0
61 2 0 0 0 0 0 0 0 0
62 2 0 0 0 0 0 0 0 0
64 20 0 0 0 0 0 0 0 0
65 20 0 0 0 0 0 0 0 0
66 12 0 0 12 0 0 0 0 0
67 12 0 0 12 2 2 0 0 0
68 12 0 0 0 0 0 0 0 0
69 12 0 0 0 0 0 0 0 0
70 2 0 0 0 0 0 0 0 0
71 2 0 0 0 0 0 0 0 0
72 2 0 0 0 0 0 0 0 0
74 9 0 0 9 3 3 0 0 0
75 9 0 0 9 0 0 0 0 0
76 9 0 0 0 0 0 0 0 0
77 9 0 0 0 0 0 0 0 0
78 9 0 0 0 0 0 0 0 0
79 9 0 0 0 0 0 0 0 0
80 9 0 0 0 0 0 0 0 0
81 5 0 0 0 0 0 0 0 0
82 5 0 0 0 0 0 0 0 0
83 5 0 0 5 0 0 0 0 0
84 5 0 0 5 0 0 0 0 0
85 5 0 0 0 0 0 0 0 0
92 5 0 0 0 0 0 0 0 0
94 6 0 0 6 0 0 0 0 0
98 17 1 1 0 0 0 0 0 0
99 17 0 0 0 0 0 0 0 0
100 4 0 0 0 0 0 0 0 0
101 4 0 0 0 0 0 0 0 0
102 4 0 0 0 0 0 0 0 0
103 4 0 0 0 0 0 0 0 0
104 4 0 0 0 0 0 0 0 0
105 4 0 0 0 0 0 0 0 0
106 4 0 0 0 0 0 0 0 0
107 4 0 0 0 0 0 0 0 0
108 4 0 0 0 0 0 0 0 0
109 4 0 0 0 0 0 0 0 0
110 4 0 0 4 0 0 0 0 0
114 17 1 1 0 0 0 0 0 0
115 17 0 0 17 0 0 0 0 0
fl=/build/glibc-Cl5G7W/glibc-2.23/string/../sysdeps/x86_64/multiarch/../memcpy.S
fn=memcpy
61 31 1 1 0 0 0 0 0 0
63 31 0 0 0 0 0 0 0 0
65 31 0 0 0 0 0 0 0 0
68 29 0 0 0 0 0 0 0 0
69 29 0 0 0 0 0 0 0 0
71 7 0 0 7 0 0 0 0 0
72 7 0 0 0 0 0 7 2 2
74 7 0 0 0 0 0 0 0 0
75 7 0 0 0 0 0 0 0 0
80 29 0 0 0 0 0 0 0 0
81 29 0 0 0 0 0 0 0 0
83 10 0 0 10 0 0 0 0 0
84 10 0 0 0 0 0 10 4 4
86 10 0 0 0 0 0 0 0 0
87 20 0 0 0 0 0 0 0 0
92 29 1 1 0 0 0 0 0 0
93 29 0 0 0 0 0 0 0 0
95 7 0 0 7 0 0 0 0 0
96 7 0 0 0 0 0 7 0 0
98 7 0 0 0 0 0 0 0 0
99 7 0 0 0 0 0 0 0 0
104 29 0 0 0 0 0 0 0 0
105 29 0 0 0 0 0 0 0 0
107 18 0 0 18 0 0 0 0 0
108 18 0 0 0 0 0 18 3 3
110 18 0 0 0 0 0 0 0 0
111 18 0 0 0 0 0 0 0 0
116 29 0 0 0 0 0 0 0 0
117 44 0 0 0 0 0 0 0 0
122 15 0 0 15 1 1 0 0 0
123 15 0 0 15 0 0 0 0 0
124 15 0 0 0 0 0 15 1 1
125 15 0 0 0 0 0 15 2 2
127 15 0 0 0 0 0 0 0 0
129 15 0 0 0 0 0 0 0 0
130 15 0 0 0 0 0 0 0 0
132 15 0 0 0 0 0 0 0 0
140 29 1 1 29 0 0 0 0 0
148 16 0 0 0 0 0 16 0 0
154 16 0 0 0 0 0 0 0 0
156 16 0 0 0 0 0 0 0 0
157 16 0 0 0 0 0 0 0 0
160 5 0 0 0 0 0 0 0 0
161 15 0 0 0 0 0 0 0 0
166 22 1 1 22 0 0 0 0 0
167 22 0 0 0 0 0 22 1 1
169 22 0 0 0 0 0 0 0 0
171 22 0 0 0 0 0 0 0 0
172 22 0 0 0 0 0 0 0 0
174 32 0 0 0 0 0 0 0 0
183 16 0 0 0 0 0 0 0 0
184 16 0 0 0 0 0 0 0 0
187 16 0 0 0 0 0 0 0 0
188 16 0 0 0 0 0 0 0 0
189 16 0 0 0 0 0 0 0 0
194 17 0 0 0 0 0 0 0 0
196 17 0 0 17 4 4 0 0 0
197 17 0 0 17 0 0 0 0 0
198 17 0 0 17 0 0 0 0 0
199 17 1 1 17 0 0 0 0 0
201 17 0 0 0 0 0 17 3 3
202 17 0 0 0 0 0 17 0 0
203 17 0 0 0 0 0 17 0 0
204 17 0 0 0 0 0 17 1 1
206 17 0 0 0 0 0 0 0 0
207 17 0 0 0 0 0 0 0 0
209 17 0 0 0 0 0 0 0 0
211 4 0 0 0 0 0 0 0 0
213 4 0 0 4 0 0 0 0 0
214 4 0 0 4 0 0 0 0 0
215 4 0 0 4 0 0 0 0 0
216 4 0 0 4 0 0 0 0 0
218 4 0 0 0 0 0 4 4 4
219 4 0 0 0 0 0 4 0 0
220 4 0 0 0 0 0 4 0 0
221 4 0 0 0 0 0 4 0 0
223 4 0 0 0 0 0 0 0 0
224 4 0 0 0 0 0 0 0 0
226 6 0 0 0 0 0 0 0 0
231 16 1 1 0 0 0 0 0 0
237 16 0 0 16 0 0 0 0 0
238 16 0 0 0 0 0 0 0 0
240 2 0 0 2 0 0 0 0 0
fl=/build/glibc-Cl5G7W/glibc-2.23/string/../sysdeps/x86_64/multiarch/../memset.S
fn=memset
53 24 2 1 0 0 0 0 0 0
54 24 0 0 0 0 0 0 0 0
55 24 0 0 0 0 0 0 0 0
56 24 0 0 0 0 0 0 0 0
57 24 0 0 0 0 0 0 0 0
59 24 0 0 0 0 0 0 0 0
60 24 0 0 0 0 0 0 0 0
61 20 0 0 0 0 0 0 0 0
62 20 0 0 0 0 0 0 0 0
63 2 0 0 0 0 0 0 0 0
64 2 0 0 0 0 0 2 1 1
65 2 0 0 0 0 0 2 0 0
66 2 0 0 0 0 0 0 0 0
68 2 0 0 2 0 0 0 0 0
77 4 1 1 0 0 0 0 0 0
78 4 0 0 0 0 0 4 4 4
79 4 0 0 0 0 0 0 0 0
80 4 0 0 0 0 0 4 3 3
81 4 0 0 0 0 0 4 1 1
82 4 0 0 0 0 0 4 1 1
83 4 0 0 0 0 0 4 1 1
84 4 0 0 0 0 0 4 0 0
85 4 0 0 0 0 0 4 1 1
86 4 0 0 0 0 0 4 0 0
87 4 0 0 0 0 0 0 0 0
88 4 0 0 0 0 0 0 0 0
89 4 0 0 0 0 0 0 0 0
90 8 0 0 0 0 0 0 0 0
93 60 0 0 0 0 0 60 53 53
94 60 0 0 0 0 0 60 0 0
95 60 0 0 0 0 0 60 0 0
96 60 0 0 0 0 0 60 0 0
97 60 0 0 0 0 0 0 0 0
98 60 0 0 0 0 0 0 0 0
99 60 0 0 0 0 0 0 0 0
100 4 0 0 4 0 0 0 0 0
103 18 2 1 0 0 0 0 0 0
104 18 0 0 0 0 0 0 0 0
105 18 0 0 0 0 0 0 0 0
106 6 0 0 0 0 0 0 0 0
107 6 0 0 0 0 0 0 0 0
108 2 0 0 0 0 0 0 0 0
109 2 0 0 0 0 0 0 0 0
112 2 0 0 0 0 0 0 0 0
113 2 0 0 0 0 0 0 0 0
114 2 0 0 0 0 0 2 0 0
115 2 0 0 2 0 0 0 0 0
117 4 0 0 0 0 0 4 0 0
118 4 0 0 0 0 0 4 0 0
119 4 0 0 4 0 0 0 0 0
121 12 1 0 0 0 0 12 3 3
122 12 0 0 0 0 0 12 0 0
123 12 0 0 12 0 0 0 0 0
fl=/build/glibc-Cl5G7W/glibc-2.23/string/../sysdeps/x86_64/multiarch/../strchr.S
fn=index
24 19 1 1 0 0 0 0 0 0
25 19 0 0 0 0 0 0 0 0
26 19 0 0 0 0 0 0 0 0
27 19 0 0 0 0 0 0 0 0
28 19 0 0 0 0 0 0 0 0
29 19 0 0 0 0 0 0 0 0
30 19 0 0 0 0 0 0 0 0
31 19 1 1 0 0 0 0 0 0
32 19 0 0 19 6 6 0 0 0
33 19 0 0 0 0 0 0 0 0
34 19 0 0 0 0 0 0 0 0
35 19 0 0 0 0 0 0 0 0
36 19 0 0 0 0 0 0 0 0
37 19 0 0 0 0 0 0 0 0
38 19 0 0 0 0 0 0 0 0
39 19 0 0 0 0 0 0 0 0
40 19 0 0 0 0 0 0 0 0
41 12 0 0 0 0 0 0 0 0
45 12 0 0 0 0 0 0 0 0
46 12 0 0 0 0 0 0 0 0
47 12 0 0 12 0 0 0 0 0
48 12 0 0 0 0 0 0 0 0
50 12 0 0 12 0 0 0 0 0
54 7 0 0 7 0 0 0 0 0
55 7 1 1 0 0 0 0 0 0
56 7 0 0 0 0 0 0 0 0
57 7 0 0 0 0 0 0 0 0
58 7 0 0 0 0 0 0 0 0
59 7 0 0 0 0 0 0 0 0
60 7 0 0 7 0 0 0 0 0
61 7 0 0 0 0 0 0 0 0
62 7 0 0 0 0 0 0 0 0
63 7 0 0 0 0 0 0 0 0
64 7 0 0 0 0 0 0 0 0
65 7 0 0 0 0 0 0 0 0
66 7 0 0 0 0 0 0 0 0
67 7 0 0 7 0 0 0 0 0
68 7 0 0 0 0 0 0 0 0
69 7 0 0 0 0 0 0 0 0
70 7 0 0 0 0 0 0 0 0
71 7 1 1 0 0 0 0 0 0
72 7 0 0 0 0 0 0 0 0
73 7 0 0 0 0 0 0 0 0
74 7 0 0 0 0 0 0 0 0
75 7 0 0 0 0 0 0 0 0
76 7 0 0 0 0 0 0 0 0
77 7 0 0 0 0 0 0 0 0
129 7 1 1 0 0 0 0 0 0
133 7 0 0 0 0 0 0 0 0
134 7 0 0 0 0 0 0 0 0
135 7 0 0 7 0 0 0 0 0
136 7 0 0 0 0 0 0 0 0
138 7 0 0 7 0 0 0 0 0
fl=/build/glibc-Cl5G7W/glibc-2.23/string/../sysdeps/x86_64/multiarch/../strcmp.S
fn=strcmp
144 2583 1 1 0 0 0 0 0 0
145 2583 0 0 0 0 0 0 0 0
147 2583 0 0 0 0 0 0 0 0
148 2583 0 0 0 0 0 0 0 0
169 2583 0 0 0 0 0 0 0 0
170 2583 0 0 0 0 0 0 0 0
171 2360 0 0 0 0 0 0 0 0
172 2360 0 0 0 0 0 0 0 0
173 2339 0 0 2339 58 16 0 0 0
174 2339 0 0 2339 34 4 0 0 0
175 2339 0 0 2339 0 0 0 0 0
176 2339 0 0 2339 0 0 0 0 0
197 2339 0 0 0 0 0 0 0 0
198 2339 0 0 0 0 0 0 0 0
199 2339 0 0 0 0 0 0 0 0
200 2339 0 0 0 0 0 0 0 0
201 2339 0 0 0 0 0 0 0 0
202 2339 0 0 0 0 0 0 0 0
203 2339 0 0 0 0 0 0 0 0
208 31 0 0 0 0 0 0 0 0
209 31 0 0 0 0 0 0 0 0
218 275 1 1 0 0 0 0 0 0
219 275 0 0 0 0 0 0 0 0
220 275 0 0 0 0 0 0 0 0
221 275 0 0 0 0 0 0 0 0
222 275 0 0 0 0 0 0 0 0
223 275 0 0 0 0 0 0 0 0
224 275 0 0 0 0 0 0 0 0
225 275 0 0 0 0 0 0 0 0
226 170 0 0 0 0 0 0 0 0
227 115 0 0 0 0 0 0 0 0
228 115 0 0 0 0 0 0 0 0
229 115 0 0 0 0 0 0 0 0
231 170 0 0 0 0 0 0 0 0
232 170 0 0 0 0 0 0 0 0
233 170 2 1 0 0 0 0 0 0
234 170 0 0 170 10 2 0 0 0
235 170 0 0 0 0 0 0 0 0
236 170 0 0 0 0 0 0 0 0
246 105 0 0 105 9 2 0 0 0
247 105 0 0 0 0 0 0 0 0
248 105 0 0 0 0 0 0 0 0
250 105 0 0 105 0 0 0 0 0
256 105 0 0 0 0 0 0 0 0
257 105 0 0 0 0 0 0 0 0
258 105 0 0 0 0 0 0 0 0
259 105 0 0 0 0 0 0 0 0
260 105 0 0 0 0 0 0 0 0
265 105 0 0 0 0 0 0 0 0
267 91 0 0 0 0 0 0 0 0
268 91 2 1 0 0 0 0 0 0
269 182 0 0 0 0 0 0 0 0
277 110 0 0 110 10 1 0 0 0
278 110 0 0 110 0 0 0 0 0
281 110 0 0 0 0 0 0 0 0
282 110 0 0 0 0 0 0 0 0
283 110 0 0 0 0 0 0 0 0
284 110 0 0 0 0 0 0 0 0
285 110 0 0 0 0 0 0 0 0
286 110 0 0 0 0 0 0 0 0
292 33 0 0 0 0 0 0 0 0
293 33 0 0 33 0 0 0 0 0
294 33 1 1 33 0 0 0 0 0
297 33 0 0 0 0 0 0 0 0
298 33 0 0 0 0 0 0 0 0
299 33 0 0 0 0 0 0 0 0
300 33 0 0 0 0 0 0 0 0
301 33 0 0 0 0 0 0 0 0
302 33 0 0 0 0 0 0 0 0
307 19 0 0 0 0 0 0 0 0
308 19 0 0 0 0 0 0 0 0
696 3 1 1 0 0 0 0 0 0
697 3 0 0 3 1 1 0 0 0
698 3 0 0 3 2 1 0 0 0
699 3 0 0 0 0 0 0 0 0
700 3 1 1 0 0 0 0 0 0
702 3 0 0 0 0 0 0 0 0
703 3 0 0 0 0 0 0 0 0
704 3 0 0 0 0 0 0 0 0
705 3 0 0 0 0 0 0 0 0
706 3 0 0 0 0 0 0 0 0
707 3 0 0 0 0 0 0 0 0
708 3 0 0 0 0 0 0 0 0
709 3 0 0 3 0 0 0 0 0
713 3 0 0 0 0 0 0 0 0
714 3 0 0 0 0 0 0 0 0
715 3 0 0 0 0 0 0 0 0
721 3 0 0 0 0 0 0 0 0
722 3 0 0 0 0 0 0 0 0
723 6 2 1 0 0 0 0 0 0
727 4 0 0 0 0 0 0 0 0
728 4 0 0 0 0 0 0 0 0
731 4 0 0 4 2 1 0 0 0
732 4 0 0 4 1 1 0 0 0
733 4 0 0 0 0 0 0 0 0
736 4 0 0 0 0 0 0 0 0
737 4 0 0 0 0 0 0 0 0
738 4 0 0 0 0 0 0 0 0
744 4 0 0 0 0 0 0 0 0
745 4 0 0 0 0 0 0 0 0
746 4 1 1 0 0 0 0 0 0
747 4 0 0 0 0 0 0 0 0
748 4 0 0 0 0 0 0 0 0
749 4 0 0 0 0 0 0 0 0
756 2 0 0 0 0 0 0 0 0
757 2 0 0 0 0 0 0 0 0
759 2 0 0 0 0 0 0 0 0
760 2 0 0 0 0 0 0 0 0
762 2 0 0 2 0 0 0 0 0
763 2 0 0 2 0 0 0 0 0
764 2 0 0 0 0 0 0 0 0
767 2 0 0 0 0 0 0 0 0
768 2 0 0 0 0 0 0 0 0
769 2 0 0 0 0 0 0 0 0
775 2 0 0 0 0 0 0 0 0
776 2 1 1 0 0 0 0 0 0
777 2 0 0 0 0 0 0 0 0
778 2 0 0 0 0 0 0 0 0
779 2 0 0 0 0 0 0 0 0
780 2 0 0 0 0 0 0 0 0
787 1 0 0 0 0 0 0 0 0
788 1 0 0 0 0 0 0 0 0
789 1 0 0 0 0 0 0 0 0
821 1 1 1 0 0 0 0 0 0
822 1 0 0 1 0 0 0 0 0
823 1 0 0 1 1 1 0 0 0
824 1 0 0 0 0 0 0 0 0
825 1 1 1 0 0 0 0 0 0
827 1 0 0 0 0 0 0 0 0
828 1 0 0 0 0 0 0 0 0
829 1 0 0 0 0 0 0 0 0
830 1 0 0 0 0 0 0 0 0
831 1 0 0 0 0 0 0 0 0
832 1 0 0 0 0 0 0 0 0
833 1 0 0 0 0 0 0 0 0
834 1 0 0 1 0 0 0 0 0
838 1 0 0 0 0 0 0 0 0
839 1 0 0 0 0 0 0 0 0
840 1 0 0 0 0 0 0 0 0
846 1 0 0 0 0 0 0 0 0
847 1 0 0 0 0 0 0 0 0
848 2 1 1 0 0 0 0 0 0
852 1 0 0 0 0 0 0 0 0
853 1 0 0 0 0 0 0 0 0
856 1 0 0 1 0 0 0 0 0
857 1 0 0 1 1 0 0 0 0
858 1 0 0 0 0 0 0 0 0
861 1 0 0 0 0 0 0 0 0
862 1 0 0 0 0 0 0 0 0
863 1 0 0 0 0 0 0 0 0
869 1 0 0 0 0 0 0 0 0
870 1 0 0 0 0 0 0 0 0
871 1 1 1 0 0 0 0 0 0
872 1 0 0 0 0 0 0 0 0
873 1 0 0 0 0 0 0 0 0
874 1 0 0 0 0 0 0 0 0
1071 5 2 1 0 0 0 0 0 0
1072 5 0 0 5 0 0 0 0 0
1073 5 0 0 5 2 1 0 0 0
1074 5 0 0 0 0 0 0 0 0
1075 5 2 1 0 0 0 0 0 0
1077 5 0 0 0 0 0 0 0 0
1078 5 0 0 0 0 0 0 0 0
1079 5 0 0 0 0 0 0 0 0
1080 5 0 0 0 0 0 0 0 0
1081 5 0 0 0 0 0 0 0 0
1082 5 0 0 0 0 0 0 0 0
1083 5 0 0 0 0 0 0 0 0
1084 5 0 0 5 0 0 0 0 0
1088 5 0 0 0 0 0 0 0 0
1089 5 0 0 0 0 0 0 0 0
1090 5 0 0 0 0 0 0 0 0
1096 5 0 0 0 0 0 0 0 0
1097 5 0 0 0 0 0 0 0 0
1098 10 2 1 0 0 0 0 0 0
1102 5 0 0 0 0 0 0 0 0
1103 5 0 0 0 0 0 0 0 0
1106 5 0 0 5 1 1 0 0 0
1107 5 0 0 5 0 0 0 0 0
1108 5 0 0 0 0 0 0 0 0
1111 5 0 0 0 0 0 0 0 0
1112 5 0 0 0 0 0 0 0 0
1113 5 0 0 0 0 0 0 0 0
1119 5 0 0 0 0 0 0 0 0
1120 5 0 0 0 0 0 0 0 0
1121 5 2 1 0 0 0 0 0 0
1122 5 0 0 0 0 0 0 0 0
1123 5 0 0 0 0 0 0 0 0
1124 5 0 0 0 0 0 0 0 0
1131 2 0 0 0 0 0 0 0 0
1132 2 0 0 0 0 0 0 0 0
1134 2 0 0 0 0 0 0 0 0
1135 2 0 0 0 0 0 0 0 0
1137 2 0 0 2 1 1 0 0 0
1138 2 0 0 2 0 0 0 0 0
1139 2 0 0 0 0 0 0 0 0
1142 2 0 0 0 0 0 0 0 0
1143 2 0 0 0 0 0 0 0 0
1144 2 0 0 0 0 0 0 0 0
1150 2 0 0 0 0 0 0 0 0
1151 2 1 1 0 0 0 0 0 0
1152 2 0 0 0 0 0 0 0 0
1153 2 0 0 0 0 0 0 0 0
1154 2 0 0 0 0 0 0 0 0
1155 2 0 0 0 0 0 0 0 0
1196 6 1 1 0 0 0 0 0 0
1197 6 0 0 6 1 0 0 0 0
1198 6 0 0 6 0 0 0 0 0
1199 6 0 0 0 0 0 0 0 0
1200 6 1 1 0 0 0 0 0 0
1202 6 0 0 0 0 0 0 0 0
1203 6 0 0 0 0 0 0 0 0
1204 6 0 0 0 0 0 0 0 0
1205 6 0 0 0 0 0 0 0 0
1206 6 0 0 0 0 0 0 0 0
1207 6 0 0 0 0 0 0 0 0
1208 6 0 0 0 0 0 0 0 0
1209 2 0 0 2 0 0 0 0 0
1213 2 0 0 0 0 0 0 0 0
1214 2 0 0 0 0 0 0 0 0
1215 2 0 0 0 0 0 0 0 0
1221 2 0 0 0 0 0 0 0 0
1222 2 0 0 0 0 0 0 0 0
1223 4 1 1 0 0 0 0 0 0
1227 2 0 0 0 0 0 0 0 0
1228 2 0 0 0 0 0 0 0 0
1231 2 0 0 2 0 0 0 0 0
1232 2 0 0 2 0 0 0 0 0
1233 2 0 0 0 0 0 0 0 0
1236 2 0 0 0 0 0 0 0 0
1237 2 0 0 0 0 0 0 0 0
1238 2 0 0 0 0 0 0 0 0
1244 2 0 0 0 0 0 0 0 0
1245 2 0 0 0 0 0 0 0 0
1246 2 2 1 0 0 0 0 0 0
1247 2 0 0 0 0 0 0 0 0
1248 2 0 0 0 0 0 0 0 0
1249 2 0 0 0 0 0 0 0 0
1321 31 2 1 0 0 0 0 0 0
1322 31 0 0 31 1 0 0 0 0
1323 31 0 0 31 2 0 0 0 0
1324 31 0 0 0 0 0 0 0 0
1325 31 2 1 0 0 0 0 0 0
1327 31 0 0 0 0 0 0 0 0
1328 31 0 0 0 0 0 0 0 0
1329 31 0 0 0 0 0 0 0 0
1330 31 0 0 0 0 0 0 0 0
1331 31 0 0 0 0 0 0 0 0
1332 31 0 0 0 0 0 0 0 0
1333 31 0 0 0 0 0 0 0 0
1334 7 0 0 7 0 0 0 0 0
1338 7 0 0 0 0 0 0 0 0
1339 7 0 0 0 0 0 0 0 0
1340 7 0 0 0 0 0 0 0 0
1346 7 0 0 0 0 0 0 0 0
1347 7 0 0 0 0 0 0 0 0
1348 14 2 1 0 0 0 0 0 0
1352 7 0 0 0 0 0 0 0 0
1353 7 0 0 0 0 0 0 0 0
1356 7 0 0 7 0 0 0 0 0
1357 7 0 0 7 2 0 0 0 0
1358 7 0 0 0 0 0 0 0 0
1361 7 0 0 0 0 0 0 0 0
1362 7 0 0 0 0 0 0 0 0
1363 7 0 0 0 0 0 0 0 0
1369 7 0 0 0 0 0 0 0 0
1370 7 0 0 0 0 0 0 0 0
1371 7 1 1 0 0 0 0 0 0
1372 7 0 0 0 0 0 0 0 0
1373 7 0 0 0 0 0 0 0 0
1374 7 0 0 0 0 0 0 0 0
1446 13 1 1 0 0 0 0 0 0
1447 13 0 0 13 1 1 0 0 0
1448 13 0 0 13 0 0 0 0 0
1449 13 0 0 0 0 0 0 0 0
1450 13 1 1 0 0 0 0 0 0
1452 13 0 0 0 0 0 0 0 0
1453 13 0 0 0 0 0 0 0 0
1454 13 0 0 0 0 0 0 0 0
1455 13 0 0 0 0 0 0 0 0
1456 13 0 0 0 0 0 0 0 0
1457 13 0 0 0 0 0 0 0 0
1458 13 0 0 0 0 0 0 0 0
1459 1 0 0 1 0 0 0 0 0
1463 1 0 0 0 0 0 0 0 0
1464 1 0 0 0 0 0 0 0 0
1465 1 0 0 0 0 0 0 0 0
1471 1 0 0 0 0 0 0 0 0
1472 1 0 0 0 0 0 0 0 0
1473 2 1 1 0 0 0 0 0 0
1477 1 0 0 0 0 0 0 0 0
1478 1 0 0 0 0 0 0 0 0
1481 1 0 0 1 1 1 0 0 0
1482 1 0 0 1 0 0 0 0 0
1483 1 0 0 0 0 0 0 0 0
1486 1 0 0 0 0 0 0 0 0
1487 1 0 0 0 0 0 0 0 0
1488 1 0 0 0 0 0 0 0 0
1494 1 0 0 0 0 0 0 0 0
1495 1 0 0 0 0 0 0 0 0
1496 1 1 1 0 0 0 0 0 0
1497 1 0 0 0 0 0 0 0 0
1498 1 0 0 0 0 0 0 0 0
1499 1 0 0 0 0 0 0 0 0
1571 23 1 1 0 0 0 0 0 0
1572 23 0 0 23 2 1 0 0 0
1573 23 0 0 23 0 0 0 0 0
1574 23 0 0 0 0 0 0 0 0
1575 23 2 1 0 0 0 0 0 0
1577 23 0 0 0 0 0 0 0 0
1578 23 0 0 0 0 0 0 0 0
1579 23 0 0 0 0 0 0 0 0
1580 23 0 0 0 0 0 0 0 0
1581 23 0 0 0 0 0 0 0 0
1582 23 0 0 0 0 0 0 0 0
1583 23 0 0 0 0 0 0 0 0
1584 1 0 0 1 0 0 0 0 0
1588 1 0 0 0 0 0 0 0 0
1589 1 0 0 0 0 0 0 0 0
1590 1 0 0 0 0 0 0 0 0
1596 1 0 0 0 0 0 0 0 0
1597 1 0 0 0 0 0 0 0 0
1598 2 1 1 0 0 0 0 0 0
1602 1 0 0 0 0 0 0 0 0
1603 1 0 0 0 0 0 0 0 0
1606 1 0 0 1 0 0 0 0 0
1607 1 0 0 1 0 0 0 0 0
1608 1 0 0 0 0 0 0 0 0
1611 1 0 0 0 0 0 0 0 0
1612 1 0 0 0 0 0 0 0 0
1613 1 0 0 0 0 0 0 0 0
1619 1 0 0 0 0 0 0 0 0
1620 1 0 0 0 0 0 0 0 0
1621 1 1 1 0 0 0 0 0 0
1622 1 0 0 0 0 0 0 0 0
1623 1 0 0 0 0 0 0 0 0
1624 1 0 0 0 0 0 0 0 0
1696 16 2 1 0 0 0 0 0 0
1697 16 0 0 16 2 0 0 0 0
1698 16 0 0 16 3 3 0 0 0
1699 16 0 0 0 0 0 0 0 0
1700 16 2 1 0 0 0 0 0 0
1702 16 0 0 0 0 0 0 0 0
1703 16 0 0 0 0 0 0 0 0
1704 16 0 0 0 0 0 0 0 0
1705 16 0 0 0 0 0 0 0 0
1706 16 0 0 0 0 0 0 0 0
1707 16 0 0 0 0 0 0 0 0
1708 16 0 0 0 0 0 0 0 0
1709 2 0 0 2 0 0 0 0 0
1713 2 0 0 0 0 0 0 0 0
1714 2 0 0 0 0 0 0 0 0
1715 2 0 0 0 0 0 0 0 0
1721 2 0 0 0 0 0 0 0 0
1722 2 0 0 0 0 0 0 0 0
1723 4 2 1 0 0 0 0 0 0
1727 2 0 0 0 0 0 0 0 0
1728 2 0 0 0 0 0 0 0 0
1731 2 0 0 2 0 0 0 0 0
1732 2 0 0 2 1 1 0 0 0
1733 2 0 0 0 0 0 0 0 0
1736 2 0 0 0 0 0 0 0 0
1737 2 0 0 0 0 0 0 0 0
1738 2 0 0 0 0 0 0 0 0
1744 2 0 0 0 0 0 0 0 0
1745 2 0 0 0 0 0 0 0 0
1746 2 2 1 0 0 0 0 0 0
1747 2 0 0 0 0 0 0 0 0
1748 2 0 0 0 0 0 0 0 0
1749 2 0 0 0 0 0 0 0 0
1756 1 0 0 0 0 0 0 0 0
1757 1 0 0 0 0 0 0 0 0
1759 1 0 0 0 0 0 0 0 0
1760 1 0 0 0 0 0 0 0 0
1762 1 0 0 1 0 0 0 0 0
1763 1 0 0 1 0 0 0 0 0
1764 1 0 0 0 0 0 0 0 0
1767 1 0 0 0 0 0 0 0 0
1768 1 0 0 0 0 0 0 0 0
1769 1 0 0 0 0 0 0 0 0
1775 1 0 0 0 0 0 0 0 0
1776 1 1 1 0 0 0 0 0 0
1777 1 0 0 0 0 0 0 0 0
1778 1 0 0 0 0 0 0 0 0
1779 1 0 0 0 0 0 0 0 0
1780 1 0 0 0 0 0 0 0 0
1821 10 1 1 0 0 0 0 0 0
1822 10 0 0 10 2 2 0 0 0
1823 10 0 0 10 1 0 0 0 0
1824 10 0 0 0 0 0 0 0 0
1825 10 2 1 0 0 0 0 0 0
1827 10 0 0 0 0 0 0 0 0
1828 10 0 0 0 0 0 0 0 0
1829 10 0 0 0 0 0 0 0 0
1830 10 0 0 0 0 0 0 0 0
1831 10 0 0 0 0 0 0 0 0
1832 10 0 0 0 0 0 0 0 0
1833 10 0 0 0 0 0 0 0 0
1834 5 0 0 5 0 0 0 0 0
1838 5 0 0 0 0 0 0 0 0
1839 5 0 0 0 0 0 0 0 0
1840 5 0 0 0 0 0 0 0 0
1846 5 0 0 0 0 0 0 0 0
1847 5 0 0 0 0 0 0 0 0
1848 10 2 1 0 0 0 0 0 0
1852 5 0 0 0 0 0 0 0 0
1853 5 0 0 0 0 0 0 0 0
1856 5 0 0 5 0 0 0 0 0
1857 5 0 0 5 1 1 0 0 0
1858 5 0 0 0 0 0 0 0 0
1861 5 0 0 0 0 0 0 0 0
1862 5 0 0 0 0 0 0 0 0
1863 5 0 0 0 0 0 0 0 0
1869 5 0 0 0 0 0 0 0 0
1870 5 0 0 0 0 0 0 0 0
1871 5 2 1 0 0 0 0 0 0
1872 5 0 0 0 0 0 0 0 0
1873 5 0 0 0 0 0 0 0 0
1874 5 0 0 0 0 0 0 0 0
1946 5 1 1 0 0 0 0 0 0
1947 5 0 0 5 0 0 0 0 0
1948 5 0 0 5 2 1 0 0 0
1949 5 0 0 0 0 0 0 0 0
1950 5 1 1 0 0 0 0 0 0
1952 5 0 0 0 0 0 0 0 0
1953 5 0 0 0 0 0 0 0 0
1954 5 0 0 0 0 0 0 0 0
1955 5 0 0 0 0 0 0 0 0
1956 5 0 0 0 0 0 0 0 0
1957 5 0 0 0 0 0 0 0 0
1958 5 0 0 0 0 0 0 0 0
1959 4 0 0 4 0 0 0 0 0
1963 4 0 0 0 0 0 0 0 0
1964 4 0 0 0 0 0 0 0 0
1965 4 0 0 0 0 0 0 0 0
1971 4 0 0 0 0 0 0 0 0
1972 4 0 0 0 0 0 0 0 0
1973 8 1 1 0 0 0 0 0 0
1977 4 0 0 0 0 0 0 0 0
1978 4 0 0 0 0 0 0 0 0
1981 4 0 0 4 1 1 0 0 0
1982 4 0 0 4 1 1 0 0 0
1983 4 0 0 0 0 0 0 0 0
1986 4 0 0 0 0 0 0 0 0
1987 4 0 0 0 0 0 0 0 0
1988 4 0 0 0 0 0 0 0 0
1994 4 0 0 0 0 0 0 0 0
1995 4 0 0 0 0 0 0 0 0
1996 4 1 1 0 0 0 0 0 0
1997 4 0 0 0 0 0 0 0 0
1998 4 0 0 0 0 0 0 0 0
1999 4 0 0 0 0 0 0 0 0
2071 57 1 1 0 0 0 0 0 0
2072 57 0 0 57 4 0 0 0 0
2073 57 0 0 57 7 0 0 0 0
2074 57 0 0 0 0 0 0 0 0
2075 57 1 1 0 0 0 0 0 0
2077 57 0 0 0 0 0 0 0 0
2078 57 0 0 0 0 0 0 0 0
2079 57 0 0 0 0 0 0 0 0
2080 57 0 0 0 0 0 0 0 0
2081 57 0 0 0 0 0 0 0 0
2082 57 0 0 0 0 0 0 0 0
2083 57 0 0 0 0 0 0 0 0
2085 1 0 0 1 0 0 0 0 0
2089 1 0 0 0 0 0 0 0 0
2090 1 0 0 0 0 0 0 0 0
2091 1 0 0 0 0 0 0 0 0
2097 1 0 0 0 0 0 0 0 0
2098 1 0 0 0 0 0 0 0 0
2100 2 1 1 0 0 0 0 0 0
2104 1 0 0 0 0 0 0 0 0
2105 1 0 0 0 0 0 0 0 0
2108 1 0 0 1 1 1 0 0 0
2109 1 0 0 1 0 0 0 0 0
2110 1 0 0 0 0 0 0 0 0
2113 1 0 0 0 0 0 0 0 0
2114 1 0 0 0 0 0 0 0 0
2115 1 0 0 0 0 0 0 0 0
2121 1 0 0 0 0 0 0 0 0
2122 1 0 0 0 0 0 0 0 0
2123 1 1 1 0 0 0 0 0 0
2124 1 0 0 0 0 0 0 0 0
2125 1 0 0 0 0 0 0 0 0
2126 1 0 0 0 0 0 0 0 0
2200 123 0 0 0 0 0 0 0 0
2202 275 1 1 0 0 0 0 0 0
2203 275 0 0 0 0 0 0 0 0
2204 275 0 0 0 0 0 0 0 0
2205 275 1 1 0 0 0 0 0 0
2206 345 0 0 0 0 0 0 0 0
2211 2583 0 0 0 0 0 0 0 0
2217 2583 0 0 2583 0 0 0 0 0
2218 2583 0 0 2583 0 0 0 0 0
2226 2583 0 0 0 0 0 0 0 0
2227 2583 0 0 2583 0 0 0 0 0
fl=/build/glibc-Cl5G7W/glibc-2.23/string/../sysdeps/x86_64/multiarch/memmove.c
fn=memcpy@GLIBC_2.2.5
54 11 2 2 3 0 0 0 0 0
fl=/build/glibc-Cl5G7W/glibc-2.23/string/../sysdeps/x86_64/multiarch/strcmp-sse2-unaligned.S
fn=__strcmp_sse2_unaligned
24 8 1 1 0 0 0 0 0 0
25 8 0 0 0 0 0 0 0 0
26 8 0 0 0 0 0 0 0 0
27 8 0 0 0 0 0 0 0 0
28 8 0 0 0 0 0 0 0 0
29 8 1 1 0 0 0 0 0 0
30 8 0 0 0 0 0 0 0 0
197 8 1 1 0 0 0 0 0 0
198 8 0 0 0 0 0 0 0 0
203 8 1 1 8 0 0 0 0 0
204 8 0 0 8 0 0 0 0 0
205 8 0 0 0 0 0 0 0 0
206 8 0 0 0 0 0 0 0 0
209 8 0 0 0 0 0 0 0 0
210 8 0 0 8 0 0 0 0 0
fl=/build/glibc-Cl5G7W/glibc-2.23/string/../sysdeps/x86_64/multiarch/strcmp.S
fn=strcasecmp
109 1 1 1 1 0 0 0 0 0
110 1 0 0 0 0 0 0 0 0
111 1 0 0 1 1 0 0 0 0
112 1 0 0 0 0 0 0 0 0
122 1 1 1 1 0 0 0 0 0
fn=strcmp
87 1 1 1 1 1 0 0 0 0
89 1 0 0 0 0 0 0 0 0
90 1 0 0 1 1 0 0 0 0
91 1 0 0 0 0 0 0 0 0
103 1 1 1 1 0 0 0 0 0
fn=strncasecmp
129 1 1 1 1 0 0 0 0 0
130 1 0 0 0 0 0 0 0 0
131 1 1 1 1 0 0 0 0 0
132 1 0 0 0 0 0 0 0 0
142 1 1 1 1 0 0 0 0 0
fl=/build/glibc-Cl5G7W/glibc-2.23/string/../sysdeps/x86_64/multiarch/strcspn.S
fn=strcspn
45 1 1 1 1 0 0 0 0 0
46 1 0 0 0 0 0 0 0 0
47 1 0 0 1 1 0 0 0 0
48 1 0 0 0 0 0 0 0 0
49 1 0 0 0 0 0 0 0 0
50 1 0 0 1 0 0 0 0 0
fn=strpbrk
45 1 1 1 1 0 0 0 0 0
46 1 0 0 0 0 0 0 0 0
47 1 1 1 1 0 0 0 0 0
48 1 0 0 0 0 0 0 0 0
49 1 0 0 0 0 0 0 0 0
50 1 0 0 1 0 0 0 0 0
fl=/build/glibc-Cl5G7W/glibc-2.23/string/../sysdeps/x86_64/multiarch/strspn.S
fn=strspn
30 1 1 1 1 0 0 0 0 0
31 1 0 0 0 0 0 0 0 0
32 1 0 0 1 0 0 0 0 0
33 1 0 0 0 0 0 0 0 0
34 1 0 0 0 0 0 0 0 0
35 1 0 0 1 0 0 0 0 0
fl=/build/glibc-Cl5G7W/glibc-2.23/string/../sysdeps/x86_64/strlen.S
fn=strlen
66 99 2 2 0 0 0 0 0 0
67 99 0 0 0 0 0 0 0 0
68 99 0 0 0 0 0 0 0 0
69 99 0 0 0 0 0 0 0 0
70 99 0 0 0 0 0 0 0 0
71 99 0 0 0 0 0 0 0 0
72 99 0 0 0 0 0 0 0 0
74 99 1 1 0 0 0 0 0 0
76 99 0 0 0 0 0 0 0 0
106 98 0 0 98 7 7 0 0 0
107 98 0 0 0 0 0 0 0 0
108 98 1 1 0 0 0 0 0 0
109 98 0 0 0 0 0 0 0 0
110 98 0 0 0 0 0 0 0 0
111 78 0 0 0 0 0 0 0 0
112 78 0 0 78 0 0 0 0 0
116 20 0 0 0 0 0 0 0 0
117 20 0 0 20 0 0 0 0 0
118 20 0 0 20 0 0 0 0 0
119 20 0 0 20 1 1 0 0 0
120 20 0 0 0 0 0 0 0 0
121 20 0 0 0 0 0 0 0 0
122 20 0 0 0 0 0 0 0 0
123 20 0 0 0 0 0 0 0 0
124 20 0 0 0 0 0 0 0 0
125 20 0 0 0 0 0 0 0 0
126 20 0 0 0 0 0 0 0 0
127 20 0 0 0 0 0 0 0 0
132 160 0 0 20 0 0 0 0 0
136 1 1 1 0 0 0 0 0 0
137 14 1 1 4 0 0 0 0 0
138 8 0 0 1 0 0 0 0 0
fl=/build/glibc-Cl5G7W/glibc-2.23/string/../sysdeps/x86_64/strrchr.S
fn=rindex
24 1 1 1 0 0 0 0 0 0
25 1 0 0 0 0 0 0 0 0
26 1 0 0 0 0 0 0 0 0
27 1 0 0 0 0 0 0 0 0
28 1 0 0 0 0 0 0 0 0
29 1 0 0 0 0 0 0 0 0
30 1 0 0 0 0 0 0 0 0
31 1 0 0 0 0 0 0 0 0
32 1 0 0 1 1 0 0 0 0
33 1 0 0 0 0 0 0 0 0
34 1 0 0 0 0 0 0 0 0
35 1 0 0 0 0 0 0 0 0
36 1 0 0 0 0 0 0 0 0
37 1 0 0 0 0 0 0 0 0
38 1 1 1 0 0 0 0 0 0
39 1 0 0 0 0 0 0 0 0
40 1 0 0 0 0 0 0 0 0
41 1 0 0 0 0 0 0 0 0
42 1 0 0 0 0 0 0 0 0
43 1 0 0 0 0 0 0 0 0
44 1 0 0 0 0 0 0 0 0
45 1 0 0 0 0 0 0 0 0
46 1 0 0 0 0 0 0 0 0
47 1 0 0 1 0 0 0 0 0
fl=/build/glibc-Cl5G7W/glibc-2.23/string/strdup.c
fn=strdup
40 28 1 1 0 0 0 14 0 0
41 14 0 0 0 0 0 7 0 0
42 14 0 0 0 0 0 7 0 0
44 14 0 0 0 0 0 0 0 0
47 28 0 0 0 0 0 0 0 0
48 21 0 0 14 0 0 0 0 0
fl=/build/glibc-Cl5G7W/glibc-2.23/string/wordcopy.c
fn=_wordcopy_fwd_aligned
38 24 2 1 4 0 0 0 0 0
41 2 0 0 2 0 0 0 0 0
44 6 0 0 0 0 0 0 0 0
45 2 0 0 0 0 0 0 0 0
47 2 2 1 2 0 0 0 0 0
50 6 0 0 0 0 0 0 0 0
51 2 0 0 0 0 0 0 0 0
115 2 2 1 2 0 0 0 0 0
116 2 0 0 0 0 0 2 0 0
118 4 0 0 4 0 0 0 0 0
119 4 0 0 0 0 0 4 0 0
122 4 0 0 0 0 0 0 0 0
125 8 0 0 0 0 0 0 0 0
130 8 2 1 4 0 0 4 0 0
fl=/build/glibc-Cl5G7W/glibc-2.23/time/../sysdeps/generic/dl-hash.h
fn=gettimeofday
45 12 0 0 4 0 0 0 0 0
48 12 0 0 0 0 0 0 0 0
62 16 0 0 0 0 0 0 0 0
fn=time
45 12 0 0 4 1 1 0 0 0
48 12 0 0 0 0 0 0 0 0
62 16 1 1 0 0 0 0 0 0
fl=/build/glibc-Cl5G7W/glibc-2.23/time/../sysdeps/unix/sysv/linux/x86/gettimeofday.c
fn=gettimeofday
36 1 0 0 0 0 0 0 0 0
37 11 2 2 0 0 0 4 0 0
40 3 1 1 0 0 0 1 0 0
41 3 0 0 0 0 0 0 0 0
42 2 0 0 1 0 0 0 0 0
fl=/build/glibc-Cl5G7W/glibc-2.23/time/../sysdeps/unix/sysv/linux/x86/time.c
fn=time
37 1 0 0 0 0 0 0 0 0
38 11 1 1 0 0 0 4 0 0
41 3 0 0 0 0 0 1 0 0
42 3 1 1 0 0 0 0 0 0
43 2 0 0 1 0 0 0 0 0
fl=/build/glibc-Cl5G7W/glibc-2.23/wcsmbs/./wcsmbsload.h
fn=btowc
71 384 0 0 128 1 0 0 0 0
73 384 1 1 0 0 0 0 0 0
74 128 0 0 0 0 0 0 0 0
fl=/build/glibc-Cl5G7W/glibc-2.23/wcsmbs/btowc.c
fn=btowc
33 640 0 0 0 0 0 384 0 0
38 1280 1 1 0 0 0 0 0 0
43 768 0 0 0 0 0 0 0 0
47 384 1 1 384 1 0 0 0 0
48 256 0 0 256 1 0 0 0 0
51 512 0 0 128 1 0 0 0 0
55 256 0 0 128 1 0 0 0 0
58 640 0 0 128 0 0 256 0 0
99 768 1 1 640 0 0 0 0 0
fl=/build/glibc-Cl5G7W/glibc-2.23/wcsmbs/wctob.c
fn=wctob
40 256 1 1 0 0 0 0 0 0
45 256 0 0 0 0 0 0 0 0
46 256 0 0 128 0 0 0 0 0
fl=/build/glibc-Cl5G7W/glibc-2.23/wctype/wctype_l.c
fn=wctype_l
27 90 1 1 0 0 0 60 0 0
30 20 1 1 0 0 0 10 0 0
33 30 0 0 20 1 0 0 0 0
34 58 0 0 0 0 0 0 0 0
36 174 0 0 0 0 0 58 0 0
38 410 0 0 0 0 0 49 0 0
41 48 0 0 0 0 0 0 0 0
42 96 0 0 48 0 0 0 0 0
47 20 1 1 20 3 0 0 0 0
48 80 0 0 70 0 0 0 0 0
fl=???
fn=???
0 2502 198 179 1411 139 8 482 24 13
fn=_GLOBAL__sub_I_main
0 7 0 0 2 1 0 2 0 0
fn=__cpu_indicator_init
0 88 8 8 19 2 1 13 0 0
fn=__cxa_guard_acquire
0 33 5 5 13 1 0 7 0 0
fn=__cxa_guard_release
0 14 3 3 5 0 0 3 0 0
fn=__cxxabiv1::__si_class_type_info::__do_dyncast(long, __cxxabiv1::__class_type_info::__sub_kind, __cxxabiv1::__class_type_info const*, void const*, __cxxabiv1::__class_type_info const*, void const*, __cxxabiv1::__class_type_info::__dyncast_result&) const
0 1360 3 3 440 1 0 360 0 0
fn=__cxxabiv1::__vmi_class_type_info::__do_dyncast(long, __cxxabiv1::__class_type_info::__sub_kind, __cxxabiv1::__class_type_info const*, void const*, __cxxabiv1::__class_type_info const*, void const*, __cxxabiv1::__class_type_info::__dyncast_result&) const
0 528 6 6 208 2 1 144 0 0
fn=__dynamic_cast
0 2496 4 4 912 15 0 624 0 0
fn=__gnu_cxx::stdio_sync_filebuf<char, std::char_traits<char> >::sync()
0 6 1 1 3 1 0 0 0 0
fn=__gnu_cxx::stdio_sync_filebuf<char, std::char_traits<char> >::xsputn(char const*, long)
0 5 1 1 1 1 0 0 0 0
fn=__gnu_cxx::stdio_sync_filebuf<wchar_t, std::char_traits<wchar_t> >::sync()
0 6 0 0 3 2 0 0 0 0
fn=__libc_csu_init
0 41 4 3 9 2 1 9 0 0
fn=__static_initialization_and_destruction_0(int, int)
0 18 2 1 4 0 0 5 0 0
fn=_start
0 11 1 1 1 0 0 3 0 0
fn=bool std::has_facet<std::ctype<char> >(std::locale const&)
0 84 2 2 36 1 0 12 0 0
fn=bool std::has_facet<std::ctype<wchar_t> >(std::locale const&)
0 84 2 2 36 1 0 12 0 0
fn=bool std::has_facet<std::num_get<char, std::istreambuf_iterator<char, std::char_traits<char> > > >(std::locale const&)
0 84 1 1 36 0 0 12 0 0
fn=bool std::has_facet<std::num_get<wchar_t, std::istreambuf_iterator<wchar_t, std::char_traits<wchar_t> > > >(std::locale const&)
0 84 1 1 36 0 0 12 0 0
fn=bool std::has_facet<std::num_put<char, std::ostreambuf_iterator<char, std::char_traits<char> > > >(std::locale const&)
0 84 2 2 36 2 0 12 0 0
fn=bool std::has_facet<std::num_put<wchar_t, std::ostreambuf_iterator<wchar_t, std::char_traits<wchar_t> > > >(std::locale const&)
0 84 2 2 36 1 0 12 0 0
fn=main
0 11 1 0 2 0 0 4 0 0
fn=std::_V2::error_category::~error_category()
0 3 1 1 3 0 0 0 0 0
fn=std::__cxx11::messages<char>::messages(unsigned long)
0 19 1 1 4 0 0 8 1 1
fn=std::__cxx11::messages<wchar_t>::messages(unsigned long)
0 19 2 2 4 0 0 8 0 0
fn=std::__cxx11::moneypunct<char, false>::_M_initialize_moneypunct(__locale_struct*, char const*)
0 112 4 4 37 1 1 31 0 0
fn=std::__cxx11::moneypunct<char, true>::_M_initialize_moneypunct(__locale_struct*, char const*)
0 112 6 6 37 0 0 31 0 0
fn=std::__cxx11::moneypunct<wchar_t, false>::_M_initialize_moneypunct(__locale_struct*, char const*)
0 108 7 7 29 1 0 32 0 0
fn=std::__cxx11::moneypunct<wchar_t, true>::_M_initialize_moneypunct(__locale_struct*, char const*)
0 108 7 7 29 0 0 32 0 0
fn=std::__cxx11::numpunct<char>::_M_initialize_numpunct(__locale_struct*)
0 413 6 6 136 5 2 75 0 0
fn=std::__cxx11::numpunct<wchar_t>::_M_initialize_numpunct(__locale_struct*)
0 349 6 6 73 0 0 75 3 3
fn=std::__timepunct<char>::_M_initialize_timepunct(__locale_struct*)
0 107 12 12 6 0 0 52 0 0
fn=std::__timepunct<char>::__timepunct(std::__timepunct_cache<char>*, unsigned long)
0 22 2 2 4 0 0 9 1 1
fn=std::__timepunct<wchar_t>::_M_initialize_timepunct(__locale_struct*)
0 105 11 11 5 0 0 51 0 0
fn=std::__timepunct<wchar_t>::__timepunct(std::__timepunct_cache<wchar_t>*, unsigned long)
0 22 2 2 4 1 0 9 0 0
fn=std::basic_ios<char, std::char_traits<char> >::_M_cache_locale(std::locale const&)
0 120 2 2 12 0 0 44 0 0
fn=std::basic_ios<char, std::char_traits<char> >::init(std::basic_streambuf<char, std::char_traits<char> >*)
0 88 2 2 12 0 0 40 0 0
fn=std::basic_ios<wchar_t, std::char_traits<wchar_t> >::_M_cache_locale(std::locale const&)
0 120 2 2 12 0 0 44 0 0
fn=std::basic_ios<wchar_t, std::char_traits<wchar_t> >::init(std::basic_streambuf<wchar_t, std::char_traits<wchar_t> >*)
0 88 2 2 12 0 0 40 0 0
fn=std::basic_ostream<char, std::char_traits<char> >& std::__ostream_insert<char, std::char_traits<char> >(std::basic_ostream<char, std::char_traits<char> >&, char const*, long)
0 56 7 7 24 2 0 12 0 0
fn=std::basic_ostream<char, std::char_traits<char> >& std::operator<< <std::char_traits<char> >(std::basic_ostream<char, std::char_traits<char> >&, char const*)
0 18 2 2 3 0 0 4 0 0
fn=std::basic_ostream<wchar_t, std::char_traits<wchar_t> >::flush()
0 42 2 2 21 2 0 6 0 0
fn=std::codecvt<char, char, __mbstate_t>::codecvt(unsigned long)
0 17 1 1 4 0 0 6 2 2
fn=std::codecvt<wchar_t, char, __mbstate_t>::codecvt(unsigned long)
0 17 2 2 4 1 0 6 1 1
fn=std::ctype<char> const& std::use_facet<std::ctype<char> >(std::locale const&)
0 76 2 2 36 0 0 12 0 0
fn=std::ctype<char>::ctype(unsigned short const*, bool, unsigned long)
0 116 4 4 8 1 0 79 9 9
fn=std::ctype<wchar_t> const& std::use_facet<std::ctype<wchar_t> >(std::locale const&)
0 76 2 2 36 0 0 12 0 0
fn=std::ctype<wchar_t>::_M_convert_to_wmask(unsigned short) const
0 137 6 6 12 0 0 0 0 0
fn=std::ctype<wchar_t>::_M_initialize_ctype()
0 2757 4 4 5 0 0 810 20 20
fn=std::ctype<wchar_t>::ctype(unsigned long)
0 19 2 2 3 0 0 7 1 1
fn=std::error_category::error_category()
0 8 1 1 4 1 0 2 0 0
fn=std::error_category::~error_category()
0 2 0 0 2 0 0 0 0 0
fn=std::future_category()
0 16 3 3 2 1 1 3 0 0
fn=std::ios_base::Init::Init()
0 269 32 32 41 16 0 168 15 13
fn=std::ios_base::Init::~Init()
0 23 3 3 9 1 0 7 0 0
fn=std::ios_base::_M_init()
0 192 2 2 48 0 0 72 0 0
fn=std::ios_base::ios_base()
0 472 4 4 8 1 0 216 31 26
fn=std::locale::_Impl::_Impl(unsigned long)
0 1025 69 69 75 23 1 456 50 50
fn=std::locale::_Impl::_M_install_facet(std::locale::id const*, std::locale::facet const*)
0 12270 5 5 4530 1 0 240 0 0
fn=std::locale::facet::_S_create_c_locale(__locale_struct*&, char const*, __locale_struct*)
0 9 2 2 2 0 0 3 0 0
fn=std::locale::facet::_S_get_c_locale()
0 128 1 1 57 1 1 15 0 0
fn=std::locale::facet::_S_get_c_name()
0 14 1 1 7 0 0 0 0 0
fn=std::locale::id::_M_id() const
0 954 1 1 308 7 6 92 0 0
fn=std::locale::locale()
0 440 3 3 176 1 0 132 3 2
fn=std::locale::operator=(std::locale const&)
0 168 3 3 64 0 0 24 0 0
fn=std::locale::~locale()
0 96 1 1 40 0 0 16 0 0
fn=std::messages<char>::messages(unsigned long)
0 19 2 2 4 0 0 8 1 1
fn=std::messages<wchar_t>::messages(unsigned long)
0 19 2 2 4 0 0 8 0 0
fn=std::moneypunct<char, false>::_M_initialize_moneypunct(__locale_struct*, char const*)
0 112 6 6 37 0 0 31 0 0
fn=std::moneypunct<char, true>::_M_initialize_moneypunct(__locale_struct*, char const*)
0 112 4 4 37 0 0 31 0 0
fn=std::moneypunct<wchar_t, false>::_M_initialize_moneypunct(__locale_struct*, char const*)
0 108 6 6 29 0 0 32 0 0
fn=std::moneypunct<wchar_t, true>::_M_initialize_moneypunct(__locale_struct*, char const*)
0 108 6 6 29 0 0 32 0 0
fn=std::num_get<char, std::istreambuf_iterator<char, std::char_traits<char> > > const& std::use_facet<std::num_get<char, std::istreambuf_iterator<char, std::char_traits<char> > > >(std::locale const&)
0 76 1 1 36 0 0 12 0 0
fn=std::num_get<wchar_t, std::istreambuf_iterator<wchar_t, std::char_traits<wchar_t> > > const& std::use_facet<std::num_get<wchar_t, std::istreambuf_iterator<wchar_t, std::char_traits<wchar_t> > > >(std::locale const&)
0 76 2 2 36 0 0 12 0 0
fn=std::num_put<char, std::ostreambuf_iterator<char, std::char_traits<char> > > const& std::use_facet<std::num_put<char, std::ostreambuf_iterator<char, std::char_traits<char> > > >(std::locale const&)
0 76 2 2 36 0 0 12 0 0
fn=std::num_put<wchar_t, std::ostreambuf_iterator<wchar_t, std::char_traits<wchar_t> > > const& std::use_facet<std::num_put<wchar_t, std::ostreambuf_iterator<wchar_t, std::char_traits<wchar_t> > > >(std::locale const&)
0 76 2 2 36 0 0 12 0 0
fn=std::numpunct<char>::_M_initialize_numpunct(__locale_struct*)
0 413 6 6 136 0 0 75 1 0
fn=std::numpunct<wchar_t>::_M_initialize_numpunct(__locale_struct*)
0 349 6 6 73 0 0 75 0 0
fn=std::ostream::flush()
0 42 2 2 21 1 0 6 0 0
fn=std::ostream::sentry::sentry(std::ostream&)
0 23 2 2 8 2 0 5 0 0
summary: 2162547 1579 1498 531921 13628 7768 191571 2198 1401
